aa_genotype,pseudocell_count,n_replicates,brightness,brightness_stdev,nt_indel,n_aamut,coeff_variation
T118I:A168V:F184S,757.95,1,4861.887343,0,FALSE,3,0
H144R,4675.34,5,4350.890258,31.87,FALSE,1,0.007324938
R78H:L219H,585.41,1,1706.26379,0,FALSE,2,0
S99A,2200.81,2,4425.74176,5.38,FALSE,1,0.001215615
,1082098.62,491,4541.661247,44.52,FALSE,0,0.009802581
T118I:N133S,1416.15,1,4397.688569,0,FALSE,2,0
D54V,806.17,1,4670.621065,0,FALSE,1,0
A110T:Y143F,686.84,1,2692.999455,0,FALSE,2,0
A81G,1624.13,2,4482.085705,67.56,FALSE,1,0.01507334
Q105L,4698.04,3,4449.026522,49.31,FALSE,1,0.011083323
R180H:D217E,185.77,1,3638.104238,0,FALSE,2,0
T2A:L188H,933.34,1,4224.53632,0,FALSE,2,0
A7V:V24I:I30N:T232A,913.59,1,4344.829095,0,FALSE,4,0
T41R:Y114F,2052.44,1,4241.662962,0,FALSE,2,0
D217G:I225V,87.15,1,3091.922025,0,FALSE,2,0
L55M,3114.55,3,4441.287515,9.12,FALSE,1,0.002053459
E13G:I30T,1532.83,1,4426.242409,0,FALSE,2,0
V125M,4748.52,2,4430.133866,46.66,FALSE,1,0.010532413
K131N,2690.59,3,4489.897943,72.72,FALSE,1,0.016196359
K109E,225.54,2,4522.418442,165.69,FALSE,1,0.036637477
S65P:T113K:L142S,930.85,1,1706.368308,0,FALSE,3,0
L230S,2205.5,3,3515.982602,39.72,FALSE,1,0.011296984
I97V,6065.62,3,4490.88872,27.85,FALSE,1,0.006201445
K28E:V34I:T40I,371.31,1,4095.571343,0,FALSE,3,0
V70A:G160C,1526.17,1,1756.214326,0,FALSE,2,0
G129D,3065.2,2,4411.775786,42.74,FALSE,1,0.009687709
I30V,9353.02,4,4521.789423,28.13,FALSE,1,0.006220988
G26S:F207L:D212V,306.57,1,4148.46938,0,FALSE,3,0
T41M:K45E,239.81,1,4089.438639,0,FALSE,2,0
K126R:S132T:S206R,1048.94,1,4311.397321,0,FALSE,3,0
E231K:T232R:Y233T:R234A,1595.48,2,685.7359637,64.57,TRUE,4,0.094161607
D54H,3603.87,2,4504.519092,4.47,FALSE,1,0.000992337
S99T,4227.08,3,4580.050345,56.02,FALSE,1,0.012231307
T41M:E164V,811.52,1,4091.872181,0,FALSE,2,0
Y233F,975.36,2,4468.063307,37.41,FALSE,1,0.008372755
K45R:K47T:L142M:G174D,26.75,1,3561.223397,0,FALSE,4,0
T18S,1284.47,3,4493.458616,46.19,FALSE,1,0.010279387
K47R,1792.42,3,4182.284441,13.92,FALSE,1,0.003328325
M27T:K75I,938.56,1,3995.598542,0,FALSE,2,0
N116K:V123A:V224A,423.85,1,4083.337999,0,FALSE,3,0
G53S,2822.65,4,3604.134015,44.43,FALSE,1,0.012327511
T118I,4400.32,4,4400.474112,59,FALSE,1,0.013407646
G159S,1594.32,3,4422.363482,31.8,FALSE,1,0.007190725
E13V:K28R,1585.22,1,4368.979459,0,FALSE,2,0
V141A,1378.43,3,3685.611641,8.71,FALSE,1,0.002363244
V34I:I136V:T232A,954.01,1,4210.49483,0,FALSE,3,0
T2I:F100L:K157N:G208D,71.92,1,2136.142489,0,FALSE,4,0
M139V:G208S,1399.48,1,4009.345695,0,FALSE,2,0
G138E,2382.6,4,4235.333861,30.2,FALSE,1,0.007130489
H79R,1258.11,4,4420.04869,54.67,FALSE,1,0.012368642
F207Y:D214E,1658.08,1,1642.868544,0,FALSE,2,0
R140C,5294.14,5,4163.144936,47.39,FALSE,1,0.011383221
P4H:D95N:N166D,1626.91,1,3604.75011,0,FALSE,3,0
K111Q:K209I,477.47,1,3981.548637,0,FALSE,2,0
K12E:A182D:F184I,181.86,1,4425.38189,0,FALSE,3,0
T128A:I163T:V171I,260.54,1,3790.479427,0,FALSE,3,0
D23V:V34A,641.75,2,4344.961837,17.79,FALSE,2,0.004094397
L63M:T202S,813.38,1,2095.85428,0,FALSE,2,0
E5V:V125M,915.44,1,4398.535873,0,FALSE,2,0
D54N:I98T,198.71,1,3762.945574,0,FALSE,2,0
V171I,3192.05,5,4530.862951,61.43,FALSE,1,0.013558124
N158Y:Y198H,1738.69,1,1367.139924,0,FALSE,2,0
T87A:K111R,593.17,1,4624.536887,0,FALSE,2,0
K32Q:S93R,138.32,1,4518.281731,0,FALSE,2,0
T40S:T128S:P147L,631.37,1,2085.913175,0,FALSE,3,0
I44T:T124A,2593.28,2,2296.408753,22.01,FALSE,2,0.009584531
G129D:I221T,239.67,1,2264.579834,0,FALSE,2,0
V57M,2319.31,8,3881.360323,53.45,FALSE,1,0.013770945
D54G,2347.89,3,4414.063494,40.35,FALSE,1,0.009141237
G174D:F184L,832.72,1,4392.396123,0,FALSE,2,0
E13V:D54G:N102S,899.82,1,4217.033744,0,FALSE,3,0
N116H:I152V,1278.84,1,4514.391037,0,FALSE,2,0
V70L,246.99,2,2953.880804,151.52,FALSE,1,0.051295232
F184L:E193V,58.37,1,4481.675102,0,FALSE,2,0
K32N,2992.31,5,4504.499372,40.01,FALSE,1,0.00888223
H144L,8358.11,5,4431.578954,29.41,FALSE,1,0.006636461
F100Y:Y195F,302.88,1,4409.581196,0,FALSE,2,0
S67T:T205N,412.25,1,2156.67144,0,FALSE,2,0
D54H:N121H,1298.04,1,4494.964505,0,FALSE,2,0
I30N:R78H:V123A:K162M,547.9,1,4325.763418,0,FALSE,4,0
K157M:D212N,2069.02,1,4446.581106,0,FALSE,2,0
E5D,3462.17,1,4572.729656,0,FALSE,1,0
F84Y,1768.04,2,4345.512821,14.53,FALSE,1,0.003343679
M27T:N133T,843.5,1,4326.680802,0,FALSE,2,0
F169L,9252.34,7,4344.472793,48.97,FALSE,1,0.011271793
D107G,732.95,1,4263.94511,0,FALSE,1,0
E21K,1844.26,3,4465.248506,27.49,FALSE,1,0.006156432
P56H,1189.18,5,4061.464588,88.26,FALSE,1,0.021731077
G26D:A182T,891.66,2,4399.55553,12.55,FALSE,2,0.002852561
T43N,2076,2,4337.751804,10.59,FALSE,1,0.002441357
S67T:I97T:K111E,286.43,1,4211.851138,0,FALSE,3,0
I14N,655.99,1,4200.735816,0,FALSE,1,0
G26A,848.08,3,4323.068516,89.99,FALSE,1,0.020816233
S99L:S145T,508.34,1,4350.788223,0,FALSE,2,0
D38N:S132P,941.66,1,4588.701113,0,FALSE,2,0
F10C,521.23,1,3520.507143,0,FALSE,1,0
T220S:K226E,743.41,1,2116.485759,0,FALSE,2,0
L3H,2040.63,3,4476.940318,49.42,FALSE,1,0.011038789
L3P:E164G,467.86,1,1928.629714,0,FALSE,2,0
K162E:M178K,101.02,1,3575.194805,0,FALSE,2,0
R156L,2702.22,1,4428.838578,0,FALSE,1,0
K28R,11807.26,7,4495.077672,72.12,FALSE,1,0.016044217
K131R:I163T:A179V,323.33,1,597.8838135,0,FALSE,3,0
T52S,1652.22,2,4383.800299,13.47,FALSE,1,0.003072676
V108M,4615.07,2,736.7032487,0.68,FALSE,1,0.000923031
P154S:A190T,501.83,1,4430.200626,0,FALSE,2,0
K209N,2359.18,4,4338.711632,52.65,FALSE,1,0.012134939
N158S,1179.75,2,4499.299759,54.74,FALSE,1,0.012166338
D229V,1233.97,2,3880.177065,14.3,FALSE,1,0.003685399
K157E,2749.54,4,4462.016083,58.4,FALSE,1,0.013088254
Y143H,1308.02,1,4719.142129,0,FALSE,1,0
T118I:N158S,629.2,1,4269.908271,0,FALSE,2,0
D214N,1807.23,2,4512.298774,15.12,FALSE,1,0.003350842
E19V:D54G:T118I,353.03,1,4235.54823,0,FALSE,3,0
G173S,2040.52,3,4301.666664,30.56,FALSE,1,0.007104223
L142F:S145T,2077.49,1,3618.054605,0,FALSE,2,0
V34I,2642.86,3,4493.75006,41.19,FALSE,1,0.009166064
Q105H:A182T,373.28,1,4450.486289,0,FALSE,2,0
D38N,2704.87,1,4512.971963,0,FALSE,1,0
V222L,655.44,1,4548.502281,0,FALSE,1,0
N116K,1719.78,2,4472.944499,34.27,FALSE,1,0.00766162
F184S:L230S,231.78,1,3706.035228,0,FALSE,2,0
D54N,2590.65,2,4612.218411,42.71,FALSE,1,0.009260186
V57M:H144Q,533.02,1,3568.421351,0,FALSE,2,0
I62F:A149V,514.98,1,3670.262733,0,FALSE,2,0
Q88H:N133H:E192V,254.01,1,4177.445518,0,FALSE,3,0
C50S,4230.89,5,4307.235533,45.92,FALSE,1,0.01066113
A182V,3251.71,4,4465.621039,54.67,FALSE,1,0.012242418
S145L:E192V,676.46,1,2668.838163,0,FALSE,2,0
G134D,2943.72,6,1603.198559,35.31,FALSE,1,0.02202472
A39V:I221V,134.9,1,2921.296011,0,FALSE,2,0
S93C:K131M,405.57,1,4391.662966,0,FALSE,2,0
E21D:H144R:F169Y,271.58,1,3993.813449,0,FALSE,3,0
D107V,2336.23,3,4487.90715,49.58,FALSE,1,0.011047466
S206I,227.39,1,4556.076064,0,FALSE,1,0
I80T,1815.34,4,4021.778308,74.15,FALSE,1,0.018437118
K109I:R156H,1165.47,1,4339.120008,0,FALSE,2,0
G159V,1082,2,4366.802327,53.97,FALSE,1,0.012359158
Y120H,664.41,2,4467.489704,6.15,FALSE,1,0.001376612
V34N:V70M:G175S,84.02,1,1952.419731,0,FALSE,3,0
K111N,649.44,2,4418.804123,51.34,FALSE,1,0.011618528
P154S,2713.57,5,4339.305707,60.23,FALSE,1,0.013880101
Y114*:W204C,38.08,1,3486.391815,0,FALSE,2,0
K12N:E192G,1312.75,1,4489.090415,0,FALSE,2,0
T124I,3158.44,3,4444.126575,30.72,FALSE,1,0.006912494
Y143H:M178V,220.92,1,4307.174799,0,FALSE,2,0
N102D,2702.94,4,4554.78609,59.82,FALSE,1,0.013133438
A110S,2014.1,1,4250.668067,0,FALSE,1,0
E21K:Q105H:D107H,1234.1,1,4205.738849,0,FALSE,3,0
I62V:Y151F,290.46,1,3815.04635,0,FALSE,2,0
T113M,5353.51,3,4472.130079,35.99,FALSE,1,0.008047619
E164V:G175S:P197T,186.89,1,3922.397905,0,FALSE,3,0
D103N,476,2,765.9064291,321.31,FALSE,1,0.419515998
K45E:T113A:P146L:Q177L,214.09,1,2400.127998,0,FALSE,4,0
V24I:N133K:R156C,439.71,1,4335.711137,0,FALSE,3,0
S132L:G159C,617.02,1,4419.435639,0,FALSE,2,0
T41S:E193V,471.33,1,4464.757636,0,FALSE,2,0
N133I:M139L:V150I,678.47,1,4147.122236,0,FALSE,3,0
G175S,2464.54,3,4406.646883,36.68,FALSE,1,0.008323789
M139I:L201M,349.36,1,3368.320854,0,FALSE,2,0
V141A:A149S:A190T:E215K,469.94,1,1988.849152,0,FALSE,4,0
T36A:T51I,386.47,1,4308.416238,0,FALSE,2,0
K28E:K45M:E193G,274.41,1,4288.568162,0,FALSE,3,0
G175S:F207S,745.58,1,3972.688007,0,FALSE,2,0
G6S:V24I,810.1,1,4476.087242,0,FALSE,2,0
K111E:T216I,196.92,1,3849.66784,0,FALSE,2,0
A60T:L161I,681.28,1,3801.339195,0,FALSE,2,0
E19D:V34I:G138E,196,1,4029.753081,0,FALSE,3,0
F100Y:S132P,536.48,1,4452.504653,0,FALSE,2,0
L137M:H218D,67.22,1,2831.036766,0,FALSE,2,0
I221F,1511.41,3,3930.104118,90.24,FALSE,1,0.022961224
E11G:E115D:A149T,1356.64,1,4417.94568,0,FALSE,3,0
L3H:G26S:H144N,123.37,1,4202.623431,0,FALSE,3,0
R140G,274.46,1,4287.10781,0,FALSE,1,0
L3H:T87A,95.69,1,4313.780973,0,FALSE,2,0
Y233H,920.47,2,2807.803479,19.85,FALSE,1,0.007069583
I30T:T43A:K111I:S132T,265.47,1,4142.836046,0,FALSE,4,0
I31V,2512.43,3,4740.067894,33.08,FALSE,1,0.006978803
N135Y,1178.73,4,4234.471964,34.48,FALSE,1,0.008142692
L201M,1274.57,3,4288.187519,23.28,FALSE,1,0.005428867
V141A:P146Q:I225V,346.15,1,1848.021564,0,FALSE,3,0
D212N,4069.15,1,4542.088468,0,FALSE,1,0
Y198C,6664.94,3,1070.205269,39.64,FALSE,1,0.037039623
K8T:Y48H,241.02,1,3667.717481,0,FALSE,2,0
T41A:F207I,435.51,1,3968.779912,0,FALSE,2,0
K131R:K162R:R180G,743.67,1,3815.986929,0,FALSE,3,0
F73L,347.34,3,3187.303401,457.81,FALSE,1,0.143635526
D38V:T41A,162.74,1,4028.463637,0,FALSE,2,0
K32E:T41M:T124N,1040.89,1,4086.828172,0,FALSE,3,0
E11V:F207L,1431.99,1,4408.857638,0,FALSE,2,0
D95N,978.24,2,4561.944205,47.36,FALSE,1,0.010381539
H176R:I225T,322.95,1,755.7347014,0,FALSE,2,0
D38G,205.94,1,3381.978146,0,FALSE,1,0
I97V:D213V,791.81,1,4208.252314,0,FALSE,2,0
K162R,3724.78,3,4666.956782,72.59,FALSE,1,0.015554033
L219H,1207.12,3,1835.84563,56.04,FALSE,1,0.030525442
I97V:E164G,332.39,1,1696.132744,0,FALSE,2,0
E19V,6036.71,4,4435.143551,45.49,FALSE,1,0.010256714
L3P:G26D,410.42,1,4347.182769,0,FALSE,2,0
D170E:K186N,466.83,1,4434.531436,0,FALSE,2,0
K8E:F10Y:T41S:K75R:D107N:A182S,35.97,1,3050.580407,0,FALSE,6,0
N116S,4314.31,3,4515.553357,30.54,FALSE,1,0.006763291
L119Q,431.66,2,4235.714227,8.69,FALSE,1,0.002051602
I30T,7390.35,3,4576.955549,20.32,FALSE,1,0.004439632
Y120H:V125A:D214V,67.12,1,3090.637058,0,FALSE,3,0
K47M:D212N,142.08,1,3628.679784,0,FALSE,2,0
T41P,55.82,1,2322.088222,0,FALSE,1,0
P56S:R78H,199.67,1,4149.229557,0,FALSE,2,0
D107Y:D210E,201.99,1,4206.621348,0,FALSE,2,0
S93R,2313.58,5,4551.400035,91.26,FALSE,1,0.020050973
C50R,1676.63,3,2259.356277,91.24,FALSE,1,0.040383184
F71L:G117D:V222A,165.59,1,735.8522018,0,FALSE,3,0
E5G:P211H,1468.41,1,4348.050097,0,FALSE,2,0
S145T:Q177L:V224I,397.07,1,2647.479129,0,FALSE,3,0
K32E:P89S,174.38,1,3623.131655,0,FALSE,2,0
I97V:E115K,364.05,1,4389.566808,0,FALSE,2,0
T61S:T128S,383.71,1,4246.494056,0,FALSE,2,0
N102Y,1900.33,4,4163.377091,610.1,FALSE,1,0.146539693
I30M,627.74,1,4486.506107,0,FALSE,1,0
E115D:N158D,168.17,1,4408.146513,0,FALSE,2,0
E13G,5335.61,7,4386.260921,37.48,FALSE,1,0.008544863
D212Y,541.35,1,4252.781307,0,FALSE,1,0
P56S:E215K,327.65,1,4124.220035,0,FALSE,2,0
Y48F:D54N,603.52,1,4411.49805,0,FALSE,2,0
N102Y:N135H,553.52,1,4364.678913,0,FALSE,2,0
E25G:Y120N:K157R:Y165F,211.6,1,3960.953592,0,FALSE,4,0
K157R:N158K:H200L,671.04,1,2196.636687,0,FALSE,3,0
E5G:I221V,115.75,1,4518.075296,0,FALSE,2,0
E231V,4550.2,3,4450.252882,21.03,FALSE,1,0.004725574
G26C,1023.12,2,4247.467238,93.27,FALSE,1,0.021958969
P15L:K109N,255.7,1,4302.343632,0,FALSE,2,0
E193V,625.61,2,4428.531232,31.6,FALSE,1,0.007135549
T128A,2745.61,5,4374.096568,19.86,FALSE,1,0.004540366
I62F,386.81,2,3012.781112,61.63,FALSE,1,0.020456182
A81G:P211L,128.73,1,4352.501865,0,FALSE,2,0
D90V:K226R,866.31,1,4545.696628,0,FALSE,2,0
K167M:V224D,160.45,1,4226.306884,0,FALSE,2,0
T51N:R234C,275.19,1,4035.044491,0,FALSE,2,0
T36N:L172Q:W204R,561.28,1,3416.029176,0,FALSE,3,0
E192G,3669.54,5,4549.302496,84.58,FALSE,1,0.018591861
Y120C,5264.53,3,4285.415069,9.17,FALSE,1,0.002139816
R140C:A182T,823.85,1,4176.334834,0,FALSE,2,0
L137M,6104.41,4,4370.354088,18.08,FALSE,1,0.004136965
G159C,1058.75,2,4424.325165,9.92,FALSE,1,0.00224215
K126E,1386.16,4,4392.771504,46.14,FALSE,1,0.010503619
K131R:L137Q:E193G,217.57,1,3859.362068,0,FALSE,3,0
K28Q:K32M:K157E,351.49,1,4160.101445,0,FALSE,3,0
H200L,3848.68,6,3109.1416,230.85,FALSE,1,0.074248789
V222A,5342.31,5,4279.496098,63.79,FALSE,1,0.014905961
H79Y:K157R,473.1,1,4274.276787,0,FALSE,2,0
C50S:G129D,145.34,1,3969.477502,0,FALSE,2,0
L3F,2094.33,3,4503.952439,36.87,FALSE,1,0.008186143
K45M,1369.25,3,4372.586902,50.12,FALSE,1,0.011462322
L119Q:H144Y,176.34,1,3646.008657,0,FALSE,2,0
I49F:Y143C,789.79,1,3934.517265,0,FALSE,2,0
V24L:T118S,542.3,1,4263.049494,0,FALSE,2,0
D38G:E192K,25.11,1,3878.871558,0,FALSE,2,0
D90E:K157E:M178V:T220M,143.09,1,4015.883506,0,FALSE,4,0
T87A,3895.26,5,4582.997183,64,FALSE,1,0.013964661
L230M,6617.34,4,4128.222299,30.34,FALSE,1,0.00734941
G26S:R156S,130.29,1,4356.95393,0,FALSE,2,0
M178I:I221T,448.37,1,2213.593123,0,FALSE,2,0
G173C:Q177H,33.91,1,1748.421487,0,FALSE,2,0
D23N:Y151C:A182V,206.76,1,1739.609823,0,FALSE,3,0
G104S,1193.98,3,1791.254685,50.02,FALSE,1,0.027924561
H79N:G159C,71.86,1,4351.428407,0,FALSE,2,0
L153M:K226R,1092.38,1,4380.882886,0,FALSE,2,0
T40S,2591.44,3,4607.893512,116.62,FALSE,1,0.025308745
P56S,1864.66,6,4119.717943,64.83,FALSE,1,0.015736514
T124A,3330.57,3,4559.454176,10.15,FALSE,1,0.002226144
L188H,1447.38,4,4078.154481,28.75,FALSE,1,0.007049757
G175C:F207V,415.36,1,4278.093402,0,FALSE,2,0
K12I:Y151C:K162N,388.38,1,1648.382798,0,FALSE,3,0
K111I,3126.66,3,4347.812029,32.04,FALSE,1,0.007369224
A39T,1389,2,4175.173632,44.32,FALSE,1,0.010615127
T40A:T128I,284.74,1,4478.511987,0,FALSE,2,0
D23N:D107V:A227T,146.06,1,3031.431009,0,FALSE,3,0
G6A:K32R:K209E,751.12,1,4121.123961,0,FALSE,3,0
G127V:K226R,53.81,1,3590.878394,0,FALSE,2,0
A7S:S99L:P211S,551.52,1,4225.297288,0,FALSE,3,0
K131R,5276.01,4,4527.641589,117.44,FALSE,1,0.025938449
T52I:N102D,400.08,1,4066.409202,0,FALSE,2,0
K186R,1320.38,1,4499.708867,0,FALSE,1,0
T124I:L230F,396.65,1,3612.477897,0,FALSE,2,0
R78C,5206.35,4,4493.665795,44.8,FALSE,1,0.009969589
T36S:Q88L:H218Y,253.41,1,3273.170243,0,FALSE,3,0
P147S:A182D,300.14,1,4016.806638,0,FALSE,2,0
I98V:A179V,180.43,1,3872.093928,0,FALSE,2,0
N166I,1150.23,2,4472.90673,4.2,FALSE,1,0.000938987
K8M:S145L,170.14,1,2032.432765,0,FALSE,2,0
F83L,111.6,2,3430.40786,289.12,FALSE,1,0.084281523
I221T,713.66,2,2392.729181,25.73,FALSE,1,0.010753411
S67T:K209N,484.44,1,2301.209622,0,FALSE,2,0
I17V,856.06,3,4490.821349,72.13,FALSE,1,0.01606165
V57A,469.48,3,3423.49541,128.97,FALSE,1,0.037672024
E19V:P56S:D101E:A182T,221.41,1,3470.719312,0,FALSE,4,0
K47N,2029.6,4,4027.019441,100.47,FALSE,1,0.024948973
V34A,3058.09,4,4487.024507,81.71,FALSE,1,0.018210286
E25V,624.79,2,4406.019121,8.48,FALSE,1,0.00192464
G129D:D229V,54.39,1,3303.442598,0,FALSE,2,0
T52A,5692.38,5,4261.046681,76.5,FALSE,1,0.017953335
S93C,2579.77,5,4485.448254,26.36,FALSE,1,0.005876782
N133I,3866.76,1,4324.307553,0,FALSE,1,0
G26D:A190S,899.14,1,4378.624601,0,FALSE,2,0
M178V:P197S:T220A,322.01,1,3838.431544,0,FALSE,3,0
H79N,813,2,4447.530745,37.94,FALSE,1,0.008530576
K12E:H144N,436.34,1,4547.258904,0,FALSE,2,0
Q177L,8109.49,10,4363.651333,61.12,FALSE,1,0.014006619
P15S,4067.32,3,4395.552538,6.44,FALSE,1,0.001465117
E25G:M27T:D107G:I136V:A149T,219.98,1,3845.506935,0,FALSE,5,0
Y114N:I163V,287.89,1,4301.334751,0,FALSE,2,0
E11G:T124S,399.37,1,4542.788606,0,FALSE,2,0
A190V,4655.02,2,4489.516808,37.44,FALSE,1,0.008339428
V141I:Y143N,1169.24,1,4468.621613,0,FALSE,2,0
G26D:N166I:A168V:R180C:E192D,570.04,1,3917.153111,0,FALSE,5,0
F207L:V222I:A227T,390.3,1,4029.513001,0,FALSE,3,0
K75I:V141I:G208C,401.21,1,3953.606483,0,FALSE,3,0
D101G,1132.71,3,3093.631386,72.44,FALSE,1,0.023415847
Y120H:G175S,890.77,1,4366.885751,0,FALSE,2,0
S65T,145.08,1,3954.234735,0,FALSE,1,0
A179T,2912.95,4,1945.335494,8.18,FALSE,1,0.00420493
N116S:M139V,633.62,1,3943.770401,0,FALSE,2,0
D90Y:Y114F,1042.68,1,4493.636587,0,FALSE,2,0
I49N:A149T,946.62,1,4221.999256,0,FALSE,2,0
N102S:Q177L,814.71,1,4291.251979,0,FALSE,2,0
P154S:P187S,57.85,1,2467.345921,0,FALSE,2,0
I14V:A39V,103.23,1,2798.27602,0,FALSE,2,0
E13V:D38E:S64T:L172Q,61.88,1,1546.469586,0,FALSE,4,0
T43A:A81T:R156C,124.22,1,4162.427518,0,FALSE,3,0
T40A:S86F:A179V,556.87,1,2463.946978,0,FALSE,3,0
G117S:V125A:F184L,31.79,1,4121.330109,0,FALSE,3,0
F10S:D107Y:N133D:F184V,118.11,1,3112.597917,0,FALSE,4,0
P89R,223.44,1,3763.527899,0,FALSE,1,0
S206I:D213A,191.5,1,3820.655539,0,FALSE,2,0
T18A:V125M:D217A,27.22,1,3484.908925,0,FALSE,3,0
G6A:A7R:K8S:L9C:F10S:E11K:E13R:I14F:Y16I:I17S:T18P:E19S:L20W:E21R:G22A:D23T:V24*:E25R:G26A:M27*:K28S:F29S:I30S:I31L:K32R:G33A:V34L:G35A:T36L:G37A:D38M:A39P:T40P:T41R:G42A:T43P:I44S:K45R:A46R:K47S:Y48T:I49S:C50A:T51P:T52R:G53R:D54P:L55A:P56R:V57A:P58L:W59G:A60Y:T61H:I62P:L63V:S64I:S65P:L66V:S67V:Y68R:G69R:F71L:C72L:F73L:A74N:K75T:Y76P:P77A:R78T:H79L:I80R:A81T:D82S:F83S:F84S:K85P:S86P:T87N:Q88P:P89M:D90A:G91T:Y92V:S93R:Q94T:D95A:R96S:I97S:I98R:F100T:D101M:N102T:D103A:G104S:Q105T:Y106T:D107*:V108K:K109P:A110K:K111*:V112P:T113M:Y114R:E115T:N116V:G117H:T118Y:L119T:Y120T:N121A:R122L:V123P:T124*:V125R:K126A:G127L:T128V:G129S:F130S:K131Q:S132T:N133A:G134T:N135S:I136W:L137G:G138C:M139A:R140F:V141C:L142T:Y143T:H144R:S145H:P147T:H148Q:A149S:V150I:Y151S:I152C:P154T:D155A:K157M:N158V:G159A:G160*:L161R:K162L:I163S:E164I:Y165T:N166R:K167P:A168L:F169T:D170Y:V171W:L172A:G173A:G174V:G175T:H176R:Q177W:M178P:A179V:R180T:H181P:A182S:Q183S:F184T:N185S:K186P:P187L:L188A:G189H:A190V:W191R:E192K:E193I:D194T:Y195P:P196L:P197T:Y198T:H199T:H200*:L201Q:T202C:V203G:W204L:T205A:F207A:G208K:K209T:D210P:P211M:D212T:D213T:D214R:E215Q:T216I:D217T:H218L:L219R:T220S:I221S:V222R:E223S:V224L:I225R:K226P:A227*:V228T:D229W:L230K:E231R:Y233A,33.31,1,4357.562287,0,TRUE,219,0
S93G:N166D:D170G,61.48,1,2443.789372,0,FALSE,3,0
T41A:K157E:K167M:F184S,1777.99,1,4959.115144,0,FALSE,4,0
G26C:K162R:D212N,265.86,1,4400.293022,0,FALSE,3,0
N102H,435.61,2,4474.049007,151.41,FALSE,1,0.033841829
Y92H,2556.27,3,1514.995333,42.63,FALSE,1,0.028138701
L3I:L172P,1542.15,1,4355.60468,0,FALSE,2,0
F83L:N133S:A168V,328.09,1,4115.140307,0,FALSE,3,0
A190T,4148.37,5,4497.457363,68.64,FALSE,1,0.015261957
A46T:D101E:E231D,1130.44,1,1607.86231,0,FALSE,3,0
C50G,195.91,1,3070.235746,0,FALSE,1,0
P187H,360.59,2,4156.234558,55.55,FALSE,1,0.013365463
H79R:T87S,444.2,1,4390.249356,0,FALSE,2,0
P56T:V141I,791.83,1,3961.541823,0,FALSE,2,0
D229Y,3825.34,2,4001.829409,162.88,FALSE,1,0.040701385
K45M:S132T,2557.98,1,4298.085078,0,FALSE,2,0
A46T:N116Y,112.14,1,3586.442287,0,FALSE,2,0
S93I,4416.09,2,4487.141864,28.73,FALSE,1,0.006402739
P56L,431.27,2,4182.502659,107.44,FALSE,1,0.025687969
V141A:R156C:L172P,528.62,1,398.8142927,0,FALSE,3,0
M27I:S93R:N102D:F184Y,369.47,1,4322.140652,0,FALSE,4,0
K12N:E19V:G53D:V150I,177.07,1,2643.084737,0,FALSE,4,0
A46T:Q105R,882.32,1,3718.152101,0,FALSE,2,0
K12E,5365.17,3,4505.748662,30.28,FALSE,1,0.006720304
F207I,1141.31,3,4319.61456,35.32,FALSE,1,0.008176655
T40I,5906.59,4,4305.803583,7.15,FALSE,1,0.00166055
M139L,1186.27,1,4510.932081,0,FALSE,1,0
H144R:D213G,558.19,1,4187.265476,0,FALSE,2,0
G6S,1166.81,1,4555.548889,0,FALSE,1,0
V150A,2462.4,3,4258.142712,8.91,FALSE,1,0.002092462
P56T,556.24,1,4162.935567,0,FALSE,1,0
Y76C,235.35,4,2650.68074,338.89,FALSE,1,0.127850176
T40S:A60T,546.88,1,4130.950254,0,FALSE,2,0
T18I:K109N,33.6,1,2091.84254,0,FALSE,2,0
V224A,5514.73,6,4249.472644,32,FALSE,1,0.007530346
E21G:V34G:T124S,104.09,1,2728.225144,0,FALSE,3,0
K157R,6149.29,2,4463.030124,67.71,FALSE,1,0.015171307
M27I:K131E,1150.22,1,4404.541488,0,FALSE,2,0
V24I,1560.89,3,4422.298916,44.29,FALSE,1,0.010015153
D38N:E115G:N133Y,551.52,1,3719.328611,0,FALSE,3,0
V34I:T113A,591.2,1,4393.173372,0,FALSE,2,0
Y143C,166.22,1,4564.65128,0,FALSE,1,0
K32M:L230M,640.23,1,3821.220012,0,FALSE,2,0
L153S:D170G:L172Q,615.58,1,480.0913655,0,FALSE,3,0
T51S,1914.47,5,4441.796573,80.05,FALSE,1,0.018021987
A179V,5764.55,5,3615.402678,112.86,FALSE,1,0.03121644
S132T,2525.24,2,4412.358239,2.8,FALSE,1,0.000634581
N133D,5406.39,3,4563.564651,50.82,FALSE,1,0.011136032
G117D,1455.23,3,4374.393993,30.46,FALSE,1,0.00696325
I17T,3418.83,5,4268.368878,45.36,FALSE,1,0.01062701
L20M:G26D,661.04,1,4225.943453,0,FALSE,2,0
G117A:H181N,971.88,1,1782.296341,0,FALSE,2,0
A39S,2786.92,3,4520.407881,65.37,FALSE,1,0.014461084
F184Y,3884.04,4,4453.583985,58.45,FALSE,1,0.013124261
K45Q,930.5,2,4439.67428,26.2,FALSE,1,0.005901334
I31V:D90E,592.51,1,4488.734352,0,FALSE,2,0
L3P,2557.9,4,4596.125212,51.08,FALSE,1,0.011113709
D170G,4954.23,7,4462.146818,61.91,FALSE,1,0.013874487
H144Q,7109.15,5,4564.631001,22.33,FALSE,1,0.004891962
M27L,3201.08,3,4488.563409,26.29,FALSE,1,0.005857108
E115G:T202A,89.15,1,2180.021027,0,FALSE,2,0
S86A:N185D,763.4,1,1787.643095,0,FALSE,2,0
T43S,1814.69,3,4408.484921,25.17,FALSE,1,0.005709445
A110T,518.98,2,2798.304886,120.42,FALSE,1,0.043033195
R78C:F84Y:Y114H:E231D,759.86,1,4093.065044,0,FALSE,4,0
L142S:D210E,351.98,1,4401.220316,0,FALSE,2,0
N185D:T205S,185.35,1,512.5610758,0,FALSE,2,0
I225N,584.88,1,1538.311157,0,FALSE,1,0
N133D:Y143N:H144Y:K157R,929.78,1,4468.797277,0,FALSE,4,0
R156C,3859.48,4,4542.912756,73.3,FALSE,1,0.016135023
I30V:P58S,229.34,1,3979.565082,0,FALSE,2,0
P58S:A149T,287.88,1,3962.580528,0,FALSE,2,0
F169L:L230M,344.27,1,3943.535915,0,FALSE,2,0
F130I:A182V:A190T,583.55,1,4397.986782,0,FALSE,3,0
E19D,3732.98,3,4459.903612,19.75,FALSE,1,0.004428347
G134A:K167M,1038.25,1,4726.868024,0,FALSE,2,0
H144N:F207S,1452.7,1,4139.97476,0,FALSE,2,0
V34I:D38E:S65P,717.8,1,660.9978256,0,FALSE,3,0
I98T:S132T,546.26,1,3572.462073,0,FALSE,2,0
E231K,1479.34,2,4515.333045,44.38,FALSE,1,0.009828732
D107Y,3605.36,2,4386.273441,24.64,FALSE,1,0.005617525
H79D:G175S,385.78,1,4669.357422,0,FALSE,2,0
Y16F:T113S:R122H,612.85,1,3899.967236,0,FALSE,3,0
A7P:L230M,792.13,1,4084.737541,0,FALSE,2,0
H79Y,743.72,1,4348.470681,0,FALSE,1,0
F10L,3742.73,5,4318.529792,38.36,FALSE,1,0.008882653
G6S:E11K:K157E,366.48,1,4426.498173,0,FALSE,3,0
D212G,517.3,1,4373.617848,0,FALSE,1,0
L63M,4591.79,4,4249.91311,48.09,FALSE,1,0.011315525
P15H,3860.66,4,4363.406672,10.17,FALSE,1,0.002330748
K111R,3102.51,1,4551.92602,0,FALSE,1,0
E115G:F207I,709.1,1,3897.77175,0,FALSE,2,0
M27V,2104.05,3,4381.202205,39.55,FALSE,1,0.009027203
L3F:P197S,385.87,1,4348.112382,0,FALSE,2,0
P15T,278.65,1,4392.537455,0,FALSE,1,0
Y198H:D212A,459.96,1,2268.750974,0,FALSE,2,0
A46T,2121.21,3,3816.973158,31.5,FALSE,1,0.008252612
K109R:R156H:K157R:N166D,166.81,1,3692.372392,0,FALSE,4,0
D38N:L172P,273.85,1,4034.37517,0,FALSE,2,0
S93G:K186E,1190.68,1,3989.088479,0,FALSE,2,0
M27V:I163V:L230M,1273.37,1,2775.821483,0,FALSE,3,0
F29Y,959.14,5,4082.077853,33.76,FALSE,1,0.008270298
A182T,2402.23,4,4520.021581,53.98,FALSE,1,0.011942421
I62V,2190.81,5,4553.090091,91.35,FALSE,1,0.020063297
L3H:K75I:D213E,345.97,1,3385.38563,0,FALSE,3,0
S65P:K109N,315.17,1,895.5367958,0,FALSE,2,0
F207L,3686.33,3,4535.475571,48.73,FALSE,1,0.010744188
D90N:T124I,563.34,1,4469.905849,0,FALSE,2,0
T43A:P197S,966.77,1,4113.868911,0,FALSE,2,0
I98V:V125A,252.76,1,3803.975105,0,FALSE,2,0
P4L:F184L:I225S,235.88,1,1600.944623,0,FALSE,3,0
N185G,1171.89,1,1877.283102,0,FALSE,1,0
K12N:M27L:E115D,1580.42,1,4268.647031,0,FALSE,3,0
W204R,4643.52,5,3771.466592,27.39,FALSE,1,0.007262427
W191Y:E193D,694.79,1,4457.488434,0,FALSE,2,0
E19K,4554.24,4,4418.012513,28.18,FALSE,1,0.006378434
N102S,4392.8,5,4434.545473,42.77,FALSE,1,0.009644731
D170V,3330.56,5,4294.92484,59.36,FALSE,1,0.013820964
K126M:K162R,715.01,1,4557.759453,0,FALSE,2,0
Y114F,7436.96,6,4479.982065,55.41,FALSE,1,0.012368353
E11V,2613.86,4,4455.767214,128.2,FALSE,1,0.028771701
D95V,4213.55,4,4427.252736,25.68,FALSE,1,0.005800437
K45E:T118A,647.9,1,4178.181072,0,FALSE,2,0
D90Y,1455.97,2,4535.330425,48.59,FALSE,1,0.010713663
F10S,202.22,3,3021.246258,271.95,FALSE,1,0.090012524
P154H,565.03,3,3535.128963,107.23,FALSE,1,0.030332698
I62F:Y120H,83.13,1,1869.117676,0,FALSE,2,0
G6S:K45E:T51A:R156H:F184L,255.79,1,3706.09842,0,FALSE,5,0
P77H,1103.51,2,3749.607345,73.71,FALSE,1,0.019658058
L137M:K186N:K209E,49.92,1,3146.47032,0,FALSE,3,0
P77T,715.71,1,3852.594573,0,FALSE,1,0
S67T:D90G:D107G,33.12,1,3054.64047,0,FALSE,3,0
V108A:V228A,147.9,1,2079.38293,0,FALSE,2,0
L3H:G26D:T87S:V150A,28.25,1,2288.13165,0,FALSE,4,0
K47R:P197L,84.08,1,3000.782247,0,FALSE,2,0
L219R,52.04,1,1564.538294,0,FALSE,1,0
K131E:M178T,133.04,1,3085.883323,0,FALSE,2,0
F10Y:T36N,27.36,1,3081.591042,0,FALSE,2,0
G53V:E193D,125.61,1,2708.240603,0,FALSE,2,0
A39T:G175A,28.66,1,1652.171008,0,FALSE,2,0
L9P:T36I:S93G,98.71,1,3375.126318,0,FALSE,3,0
G22S:T232S,73.29,1,1961.424061,0,FALSE,2,0
I14N:G175C,36.24,1,2831.991292,0,FALSE,2,0
N185D,7588.41,4,1692.784108,29.7,FALSE,1,0.017545061
T216A:D217Y,50.65,1,2890.770624,0,FALSE,2,0
A39T:A182D,118.27,1,3277.248831,0,FALSE,2,0
G174V:R234H,39.89,1,1873.753109,0,FALSE,2,0
V70M:R234S,233.69,1,2152.568081,0,FALSE,2,0
G129D:M139K:P147S:L172P,57.97,1,2656.116132,0,FALSE,4,0
K45T:P89S,41.96,1,1693.037763,0,FALSE,2,0
D23G:V34I:T232R,64.09,1,2713.043466,0,FALSE,3,0
K109I:Y120N,188.72,1,3136.399786,0,FALSE,2,0
V34L:K47R,176.57,1,3848.422596,0,FALSE,2,0
I62T:N102D:L142M:A182D:V228I,25.43,1,3613.556308,0,FALSE,5,0
T51I:F83L:A149V:I152V:G160R,36.11,1,2091.808939,0,FALSE,5,0
C50G:V125M,103.31,1,2432.452348,0,FALSE,2,0
H218Y,391.29,3,3239.979882,537.88,FALSE,1,0.166013377
T43S:I98T:T220M,137.47,1,3056.14554,0,FALSE,3,0
I49T:N185D,162.7,1,1654.065439,0,FALSE,2,0
Y114N:H181Q,25.61,1,2913.546912,0,FALSE,2,0
K47R:I221T,28.11,1,2081.419178,0,FALSE,2,0
V108L,274.14,1,1707.786026,0,FALSE,1,0
F29L:I44L,35.05,1,2954.11179,0,FALSE,2,0
P15H:D82N,77.5,1,3669.941156,0,FALSE,2,0
K47M,160.07,2,3204.109684,341.62,FALSE,1,0.106619321
A7G:N102Y:Y120N,56.59,1,3489.35257,0,FALSE,3,0
P154T:V222I:R234C,33.5,1,2301.060185,0,FALSE,3,0
G138V,150.8,2,2788.855569,612.22,FALSE,1,0.219523738
A39V,306.15,4,2651.298484,368.41,FALSE,1,0.138954555
I49N:S93G:P146Q,33.95,1,2762.558671,0,FALSE,3,0
G22A:A179S:L188F,33.55,1,2346.067104,0,FALSE,3,0
I49T:G173D:R180C,90.56,1,2256.851768,0,FALSE,3,0
G189S:W204L,31.05,1,2060.556216,0,FALSE,2,0
T41A:I221T,1089.09,1,2171.054549,0,FALSE,2,0
H181L,50.12,1,1698.100171,0,FALSE,1,0
D103E:V112A,29.99,1,2752.649223,0,FALSE,2,0
A7V:N158S:G175D:P187S,186.48,1,3557.369502,0,FALSE,4,0
I62V:K109E:L230S,86.06,1,3458.858529,0,FALSE,3,0
N102Y:K126E:K226T,59.28,1,2757.901474,0,FALSE,3,0
K32E:D155G,56.02,1,2704.868282,0,FALSE,2,0
W59*:C72*,34.51,1,4053.979875,0,FALSE,2,0
K75R:Y120N:K209I,42.5,1,3133.23,0,FALSE,3,0
I44T:H79L,133.11,1,2216.069545,0,FALSE,2,0
M139V:L201V,28,1,2739.294681,0,FALSE,2,0
T18N:K131M,85.15,1,2312.190325,0,FALSE,2,0
T87I,78.01,1,2340.210451,0,FALSE,1,0
E21G:V171E,25.27,1,2175.029818,0,FALSE,2,0
D82N:V125A,56.4,1,2834.647621,0,FALSE,2,0
E19V:K111E:K126N:R140H,61.38,1,2677.317712,0,FALSE,4,0
E5*:D170V:D214G,31.12,1,3322.734026,0,FALSE,3,0
T87S:L153M:R156L:G175R,106.02,1,1872.140465,0,FALSE,4,0
N102S:L188F,39.13,1,2861.681565,0,FALSE,2,0
P77L,34.32,1,2357.234736,0,FALSE,1,0
G53C:L188F,61.63,1,2298.900878,0,FALSE,2,0
K111N:S145P,44.21,1,1729.747049,0,FALSE,2,0
I17N:V57L:P146Q,29.7,1,1949.896206,0,FALSE,3,0
A7V:F83L,54.02,1,2645.269047,0,FALSE,2,0
E13V:E25G:V57M:G208S,26.28,1,2661.596367,0,FALSE,4,0
V57M:A74T,140.95,1,2619.301864,0,FALSE,2,0
Y92H:T118I:R156L,419.52,1,1465.840701,0,FALSE,3,0
K109I:M139V,215.46,1,2421.480188,0,FALSE,2,0
Y16N:N133Y,33.26,1,3342.764564,0,FALSE,2,0
F73L:V123A,59.26,1,2118.199897,0,FALSE,2,0
T61S:I80T,175.92,1,1336.56862,0,FALSE,2,0
I17S:E19V:D107G:R156H,66.49,1,2607.07567,0,FALSE,4,0
M27V:A39V:K162R,139.15,1,2773.683746,0,FALSE,3,0
M27V:F71V,94.44,1,1142.954172,0,FALSE,2,0
P77R,25.28,1,3183.009294,0,FALSE,1,0
T18I:R234C,26.77,1,1809.824903,0,FALSE,2,0
I221N,117.9,2,2806.746102,164.75,FALSE,1,0.058697864
I17T:M27T:D38N:I49F,86.75,1,2849.599248,0,FALSE,4,0
G26S:H218R,38.02,1,2580.74978,0,FALSE,2,0
I17V:C50S:S86Y:E115D,57.99,1,2582.805406,0,FALSE,4,0
S145P,124.34,2,1327.234734,35.27,FALSE,1,0.026574048
K32M:T52A:K109I,68.11,1,2227.902857,0,FALSE,3,0
D23E:I49V:T87S:Y92H:N133D,90.8,1,1122.961716,0,FALSE,5,0
W191R:R234C,28.94,1,2277.759791,0,FALSE,2,0
Y195D,62.25,1,2548.838862,0,FALSE,1,0
G26D:K45E:D194N:V224A,29.39,1,1845.50574,0,FALSE,4,0
F83L:N102H,36.57,1,2621.275747,0,FALSE,2,0
E11D:I221N,98.44,1,2588.086074,0,FALSE,2,0
F100I,325.71,1,2016.455226,0,FALSE,1,0
F73V:D107V:F207I,27.97,1,1441.515239,0,FALSE,3,0
D90N:D107G:K186E,106.13,1,2986.218789,0,FALSE,3,0
K45R:G134D,572.22,1,1722.621565,0,FALSE,2,0
F10L:E21V:M27V:D38E:A81S:A168V,52.41,1,2650.762128,0,FALSE,6,0
S64T:S93R,31.05,1,941.7948084,0,FALSE,2,0
Y151H:D212N,129.59,1,1290.977333,0,FALSE,2,0
L142F:F184S:K226E,57.36,1,1461.208411,0,FALSE,3,0
M27T:I225S,282.51,1,1545.006743,0,FALSE,2,0
V108G:S206G,70.8,1,3164.910385,0,FALSE,2,0
I49V:T52I:S86Y:G208S,58.5,1,3069.439427,0,FALSE,4,0
V34G:Y48H,65.27,1,3546.786668,0,FALSE,2,0
P89A:G117D,30.83,1,936.7084226,0,FALSE,2,0
I30V:V57A:K209T,25.5,1,2858.363495,0,FALSE,3,0
D95V:N121S,29.62,1,1250.74971,0,FALSE,2,0
A81V:L219H,25.42,1,1600.102189,0,FALSE,2,0
P89L,57.88,1,2123.864045,0,FALSE,1,0
E21D:V108M,26.14,1,875.4586393,0,FALSE,2,0
V34A:Y92C,39.61,1,1534.555882,0,FALSE,2,0
G160D,268.23,4,1934.992031,521.86,FALSE,1,0.269696201
Y16F:T61P:N116S,66.98,1,1830.663806,0,FALSE,3,0
D38G:L142V,123.66,1,2950.401621,0,FALSE,2,0
P15L:I30N:K47R,172.22,1,2676.604131,0,FALSE,3,0
K47E:K111N,220.46,1,2982.996835,0,FALSE,2,0
E11G:T36N:K47T,63.22,1,2258.402505,0,FALSE,3,0
V224D,73.48,2,2210.146719,516.2,FALSE,1,0.233559155
R140H:L230M,87.28,1,1078.848017,0,FALSE,2,0
G42S,25.22,1,3237.144096,0,FALSE,1,0
F83L:I225V,36.84,1,2697.564488,0,FALSE,2,0
K85T:L137Q:V222I,31.05,1,2248.350442,0,FALSE,3,0
F73L:A190P,28.5,1,2574.147957,0,FALSE,2,0
E19A:A60P:Q105K:G208S:D229A,28.39,1,1909.355472,0,FALSE,5,0
L153M:W191R:E231K,42.68,1,2170.462166,0,FALSE,3,0
K28R:T61S:I80T,160.62,1,1343.175022,0,FALSE,3,0
V57A:G159S,71.53,1,2786.598499,0,FALSE,2,0
D210Y:V222A,26.29,1,2665.377746,0,FALSE,2,0
Y48N,991.77,2,4323.004649,511.53,FALSE,1,0.118327423
P15T:I62V:K226E,107.48,1,1807.105843,0,FALSE,3,0
I163N,183.97,2,2087.955666,260.44,FALSE,1,0.124734449
A110T:T220A,32.02,1,1418.904062,0,FALSE,2,0
V108M:A149V,94.22,1,997.2928316,0,FALSE,2,0
Y48N:L137M,26.24,1,4599.278087,0,FALSE,2,0
I14F:V24I:G26S,68.24,1,2858.810039,0,FALSE,3,0
G26D:I62T,30.35,1,898.8865703,0,FALSE,2,0
G159V:V203M,32.6,1,814.7899122,0,FALSE,2,0
K226E:R234C,85.39,1,970.6019064,0,FALSE,2,0
D101V:S206C:D210E,123.42,1,2097.090088,0,FALSE,3,0
E11G:Y16F:S93I:V108A:N158D,89.97,1,2776.927535,0,FALSE,5,0
D23G:G174D,35.95,1,3080.871835,0,FALSE,2,0
K85R,87.54,2,3384.166673,350.05,FALSE,1,0.103437577
C72F:A81T:N116S,156.4,1,2658.34122,0,FALSE,3,0
H176N:Q183L,214.78,1,1273.624094,0,FALSE,2,0
I17V:D95E:I221T,25.25,1,1243.750321,0,FALSE,3,0
G53D:K209E,55.55,1,3077.168385,0,FALSE,2,0
F100C,83.43,1,2084.560347,0,FALSE,1,0
A39T:G53C,114.47,1,1170.946199,0,FALSE,2,0
E11G:T18A:H181Y,47.87,1,773.4522797,0,FALSE,3,0
K12E:I30V:T41P,58.07,1,1261.457612,0,FALSE,3,0
V34I:K111R:N121K,114.5,1,1238.765473,0,FALSE,3,0
R78P:A179S:D217G,139.41,1,954.5818634,0,FALSE,3,0
T36A:K47M,93.07,1,1901.077496,0,FALSE,2,0
K45R:N102K:K131R:A190T:F207Y,96.47,1,881.3903872,0,FALSE,5,0
E21D:F100L:K126R:D170N,49.01,1,1878.065508,0,FALSE,4,0
S64T,4023.85,3,764.3003157,16.71,FALSE,1,0.021863134
Y151H,1434.97,2,1033.106826,4.34,FALSE,1,0.004200921
S99T:I136N,131.44,1,880.1395785,0,FALSE,2,0
M178K,518.64,1,789.5262859,0,FALSE,1,0
P58S:Q105K:T205S,367.53,1,987.8846244,0,FALSE,3,0
E11D:E21G:T205S:F207Y,146.96,1,782.9263084,0,FALSE,4,0
S145P:A149V,462.42,1,956.532663,0,FALSE,2,0
Y92H:I136V:D217N:T220M,365.27,1,918.7536421,0,FALSE,4,0
E164K,787,3,845.5259154,5.6,FALSE,1,0.006623097
M27T:K111I:A179V,717.71,1,918.5772957,0,FALSE,3,0
S64T:N102D:N158S,405.98,1,785.3841855,0,FALSE,3,0
T61I:M178I,1313.22,1,989.0425042,0,FALSE,2,0
K131E,10326.76,6,4481.479617,41.29,FALSE,1,0.009213475
A190P,140.85,1,4321.186894,0,FALSE,1,0
I62V:V125M,277.21,1,4436.044923,0,FALSE,2,0
M27T:E193V,227.43,1,4406.849289,0,FALSE,2,0
G53S:D95V:N116T:Q183H:F184S:N185T:K186S:G189A:A190H:W191G:E192R:E193K:D194I:Y195T:P197L:Y198T:H199T:H200T:L201*:T202Q:V203C:W204G:T205L:S206A:F207S:G208A:D210T:D212M:D213T:D214T:E215R:T216Q:D217I:H218T:T220R:I221S:V222S:E223R:V224S:I225L:K226R:A227P:V228*:D229T:L230W:E231K:T232R:Y233T:R234A,440.94,1,4499.330804,0,TRUE,49,0
N135K,605.95,1,4137.697242,0,FALSE,1,0
L3P:A81V,104.23,1,4649.496557,0,FALSE,2,0
K109T,127.65,1,4345.532398,0,FALSE,1,0
A149S:N158Y:L201M,119.39,1,4031.488377,0,FALSE,3,0
T18A:V224I,431.94,1,4888.592456,0,FALSE,2,0
M178I:D210V,255.03,1,4033.276688,0,FALSE,2,0
T36I,815,2,4394.460868,29.35,FALSE,1,0.006678863
E19V:S93C,193.31,1,4511.506387,0,FALSE,2,0
D194G,1124.46,3,4522.846539,31.74,FALSE,1,0.007017704
D23N:A227V,409.84,1,4206.814624,0,FALSE,2,0
I163V,2679.12,4,4512.992704,40.07,FALSE,1,0.008878809
N135I,193.23,1,4209.284664,0,FALSE,1,0
L119I,730.88,2,4595.596845,22.24,FALSE,1,0.004839415
T128S,1419.39,3,4372.965744,31.3,FALSE,1,0.007157614
N116D:V224I,689.79,1,4501.632964,0,FALSE,2,0
E11A:K111N,81.63,1,4379.285607,0,FALSE,2,0
E13V,3135.66,3,4428.300289,60.34,FALSE,1,0.013625996
V24I:T113A,271.69,1,4434.163773,0,FALSE,2,0
E5G,3525.42,4,4545.282969,78.29,FALSE,1,0.01722445
N166S,2847.43,2,4401.492739,21.9,FALSE,1,0.004975585
S132L,982.87,2,4548.061169,13.54,FALSE,1,0.002977093
K28E:R78C:E193G,53.69,1,4432.769781,0,FALSE,3,0
Y114*:M139V:L153V:F207Y:H218Q,33.29,1,4968.940928,0,FALSE,5,0
S93T,2378.68,4,4495.016035,43.78,FALSE,1,0.009739676
F10S:A149V,47.14,1,4717.602966,0,FALSE,2,0
D213G,3054.74,3,4245.884033,20.08,FALSE,1,0.004729286
K131M:F207L,148.53,1,4406.595674,0,FALSE,2,0
D214G,3308,4,4482.672475,75.89,FALSE,1,0.016929633
V34I:Y143F,129.16,1,4438.148706,0,FALSE,2,0
T36S,2608.86,4,4581.811417,80.51,FALSE,1,0.017571653
E215K,44.04,1,4402.956248,0,FALSE,1,0
E5G:D54N:Y114F,36.28,1,4440.794283,0,FALSE,3,0
K12R:H79R:N116K:G138R,40.59,1,4175.164412,0,FALSE,4,0
G117C,25.97,1,4438.309527,0,FALSE,1,0
E231G,725.28,4,4403.909489,71.63,FALSE,1,0.016265094
I136V,3710.86,5,4422.036851,84.79,FALSE,1,0.019174422
E5G:K28E,25.72,1,4399.927597,0,FALSE,2,0
M139V,3493.04,6,4116.921705,48.11,FALSE,1,0.011685916
L3P:K8E:F184L,64.53,1,4490.42648,0,FALSE,3,0
A149T:E164D,75.33,1,4877.831386,0,FALSE,2,0
D214V,2801.6,3,4491.980675,3.41,FALSE,1,0.000759131
S86C,1043.39,2,4615.535042,34.7,FALSE,1,0.007518088
E115V:K131N,28.36,1,4293.166517,0,FALSE,2,0
D38V:D214G,65.61,1,4243.552815,0,FALSE,2,0
T216S:E231V,52.06,1,4474.901001,0,FALSE,2,0
N158D:E192G,118.73,1,4611.241739,0,FALSE,2,0
S206C,40.52,1,4692.608377,0,FALSE,1,0
M178I,917.02,2,4362.867521,18.62,FALSE,1,0.004267835
L3H:I62V,35.98,1,4288.736924,0,FALSE,2,0
D54V:G208C,99.71,1,4377.245988,0,FALSE,2,0
I30V:T220K,114.68,1,4482.484462,0,FALSE,2,0
E21G:I30N,103.38,1,4415.24195,0,FALSE,2,0
E11D,2656.24,2,4504.46659,51.36,FALSE,1,0.011402016
K111E,2039.75,2,4348.238667,28.3,FALSE,1,0.006508382
T2A:D23N:D90V,69.46,1,4342.698206,0,FALSE,3,0
L66M:N133D,312.55,1,4916.002947,0,FALSE,2,0
V141I,1533.37,4,4623.562098,103.67,FALSE,1,0.022422106
K186T,1413.4,2,4414.370465,4.67,FALSE,1,0.001057908
I17V:A81V:L172Q,144.84,1,4587.934123,0,FALSE,3,0
V34I:C50S,45.28,1,4405.3934,0,FALSE,2,0
I49T,645.35,3,4516.882981,65.68,FALSE,1,0.014541001
G6D,1186.25,1,4480.622602,0,FALSE,1,0
G26S,116.22,1,4399.104665,0,FALSE,1,0
T113A:N116S:R156C:N158S,70.12,1,4285.043335,0,FALSE,4,0
S132T:N135T,54.31,1,4590.675526,0,FALSE,2,0
F184I:V222I,115.39,1,4739.892877,0,FALSE,2,0
K209Q,115.02,1,4211.774348,0,FALSE,1,0
A7V:T113R:F169L,72.47,1,4884.768484,0,FALSE,3,0
I97T:P154S:I163V,37.19,1,4284.51321,0,FALSE,3,0
D213E,1106.86,2,4320.878341,70,FALSE,1,0.01620041
G26D:T40S,48.97,1,4305.575637,0,FALSE,2,0
A39P,855.35,1,4363.190068,0,FALSE,1,0
D54N:V224I,73.5,1,4790.294075,0,FALSE,2,0
E193D,2580.78,3,4469.704591,24.65,FALSE,1,0.005514906
T232M,1662.38,4,4310.699557,39.88,FALSE,1,0.009251399
R140G:N158S,27.42,1,4511.202684,0,FALSE,2,0
T128I:D214N,72.79,1,4381.439499,0,FALSE,2,0
M27V:D38E,104.68,1,4510.998134,0,FALSE,2,0
K12R,2473.32,3,4505.211679,71.12,FALSE,1,0.015786162
I17T:K157E,71.67,1,4382.890175,0,FALSE,2,0
I14V:I97T:D214E,128.27,1,4717.348942,0,FALSE,3,0
K157M,5198.31,4,4525.438082,60.92,FALSE,1,0.01346168
A7S,139.87,1,4561.248195,0,FALSE,1,0
R78S:K131T:H144Q:V171L,168.31,1,4801.395831,0,FALSE,4,0
E11V:I14V:T36I,148.65,1,4442.05274,0,FALSE,3,0
E25D,1459.15,4,4429.048565,22.09,FALSE,1,0.004987527
E11G:I49N,78.42,1,4294.20706,0,FALSE,2,0
V34D:E193D,38.45,1,4522.007053,0,FALSE,2,0
D90N,1365,2,4497.274994,45,FALSE,1,0.010006059
E11K,561.26,2,4550.687419,21.11,FALSE,1,0.00463886
N121H:F130L:N166I,116.91,1,4493.745503,0,FALSE,3,0
F184L,1468.89,3,4543.860837,40.03,FALSE,1,0.008809689
R156G,346.64,1,4616.437036,0,FALSE,1,0
T118S,150.17,1,4493.984145,0,FALSE,1,0
L172R:A190V,117.76,1,4628.307223,0,FALSE,2,0
V34D:P211S,48.76,1,4285.600123,0,FALSE,2,0
E11D:T18A:F184S,117,1,4695.578537,0,FALSE,3,0
S86F,2810.06,5,4391.314159,88.41,FALSE,1,0.020132925
T41A:V141F,30.66,1,4773.374055,0,FALSE,2,0
T118A,7076.36,4,4536.662219,52.98,FALSE,1,0.011678189
E11G:S93C,38.09,1,4953.025908,0,FALSE,2,0
I49N,249.39,2,4153.627833,43.88,FALSE,1,0.010564259
E215V,817.16,2,4481.542003,6.37,FALSE,1,0.001421386
E5G:N158Y:A190S,96.44,1,4467.771148,0,FALSE,3,0
A81S,577.45,2,4580.665409,56.4,FALSE,1,0.012312622
T51I:A182S,34.27,1,4442.538424,0,FALSE,2,0
E11G:K32T:Q88L:A190T,40.58,1,4297.873025,0,FALSE,4,0
G6A:A7R:K8S:L9C:F10S:E11K:E13R:I14S:Y16I:I17S:T18P:E19S:L20W:E21R:G22A:D23T:V24*:E25R:G26A:M27*:K28S:F29S:I30S:I31L:K32R:G33A:V34L:G35A:T36L:G37A:D38M:A39P:T40P:T41R:G42S:T43P:I44S:K45R:A46R:K47S:Y48T:I49S:C50A:T51P:T52P:G53A:D54T:L55C:V57C:W59G:A60L:T61P:I62S:L63C:S64H:S65P:L66C:S67R:Y68T:G69A:V70C:C72A:F73S:A74L:K75N:Y76T:R78A:H79T:I80L:A81R:D82T:F83S:F84S:K85S:S86P:T87P:Q88N:D90M:G91A:Y92T:S93V:Q94R:D95T:R96A:I97S:I98S:S99R:F100S:D101T:N102M:D103T:G104A:Q105S:Y106T:D107T:V108*:A110P:V112*:T113R:Y114M:E115R:N116T:G117V:T118H:L119Y:Y120T:N121T:R122A:V123L:T124P:V125*:K126R:G127A:T128L:G129V:F130S:K131S:S132Q:N133T:G134A:N135T:I136S:L137W:M139C:R140A:V141F:L142C:Y143T:H144T:S145R:P146H:H148T:A149Q:V150S:Y151I:I152S:L153C:P154L:D155T:R156A:K157R:N158M:G159V:G160A:L161*:K162R:I163L:E164S:Y165I:N166T:K167R:A168P:F169L:D170T:V171Y:L172W:G173A:G174A:G175V:H176T:Q177R:M178W:A179P:R180V:H181T:A182P:Q183S:F184S:N185T:K186S:G189A:A190H:W191G:E192R:E193K:D194I:Y195T:P197L:Y198T:H199T:H200T:L201*:T202Q:V203C:W204G:T205L:S206A:F207S:G208A:D210T:D212M:D213T:D214T:E215R:T216Q:D217I:H218T:T220R:I221S:V222S:E223R:V224S:I225L:K226R:A227P:V228*:D229T:L230W:E231K:T232R:Y233T:R234A,31.66,1,4162.88468,0,TRUE,212,0
Q105L:E231G,60.96,1,4408.950923,0,FALSE,2,0
S86C:H176L,33.5,1,4537.938718,0,FALSE,2,0
N133K:A182V,86.9,1,4340.716415,0,FALSE,2,0
D23N:V24I,77.07,1,4421.667547,0,FALSE,2,0
V123A,112.41,1,4455.163914,0,FALSE,1,0
D194Y,77.95,1,4425.510794,0,FALSE,1,0
S99T:A182V,83.52,1,4659.047321,0,FALSE,2,0
T51A:A149T:P187S,36.52,1,4204.163839,0,FALSE,3,0
L172Q,1637.03,2,4674.212344,70.74,FALSE,1,0.015134101
I14T:K28M:F184I:E215V,43.04,1,4148.008507,0,FALSE,4,0
T41S,2836.62,4,4582.840233,97.03,FALSE,1,0.02117246
D107G:T113M:V141I,71.72,1,4441.125235,0,FALSE,3,0
K8T:V34I,95.47,1,4492.84496,0,FALSE,2,0
T118S:F184L,67.61,1,4395.897974,0,FALSE,2,0
T220A,238.75,1,4497.469321,0,FALSE,1,0
T36S:A168V,207.34,1,4964.345555,0,FALSE,2,0
A149S,1217.17,2,4521.278041,23.67,FALSE,1,0.005235245
V125M:D213A,108.22,1,4301.954419,0,FALSE,2,0
wt_ctrl_cgre3224,4275.24,1,4306.807689,0,FALSE,1,0
Y92F,792.38,1,3782.358544,0,FALSE,1,0
K28R:T202S,139.16,1,4449.596032,0,FALSE,2,0
K32M,2083.54,1,4438.162076,0,FALSE,1,0
I49F:R78P:K167M,230.13,1,4964.10765,0,FALSE,3,0
T87A:S132T,149.7,1,4452.07539,0,FALSE,2,0
N135D,2554.81,2,4444.979311,61.12,FALSE,1,0.013750345
N133D:R156C:F207L,130.33,1,4478.571648,0,FALSE,3,0
V228I,6328.69,6,4479.045772,55.21,FALSE,1,0.012326286
V150L:E231G,43.79,1,4432.74283,0,FALSE,2,0
G129D:Y143H,160.26,1,4522.65186,0,FALSE,2,0
P15H:V34A,29.07,1,4128.532069,0,FALSE,2,0
H79L,4471.12,2,4295.043508,5.51,FALSE,1,0.001282874
A81T,2210.07,3,4472.981513,24.72,FALSE,1,0.005526515
E21K:A46S,61.32,1,4375.719531,0,FALSE,2,0
E25G,1322.82,3,4406.320781,17.93,FALSE,1,0.004069154
L3I,154.31,1,4567.676083,0,FALSE,1,0
R78H:E115V:D217E,41.2,1,4155.243211,0,FALSE,3,0
D90V,752.02,3,4484.058824,30.64,FALSE,1,0.006833095
D194V,27.87,1,4608.334706,0,FALSE,1,0
F184S:D212N,84.75,1,4637.285432,0,FALSE,2,0
K126R,2334.06,3,4560.483778,49.7,FALSE,1,0.010897967
Y143F:E231V,411.76,1,4706.969366,0,FALSE,2,0
K28R:I30V:H144Q:F184L,117.16,1,4429.451502,0,FALSE,4,0
I62T:V141I,37.43,1,3959.575197,0,FALSE,2,0
A81E,74.62,1,4368.343903,0,FALSE,1,0
L119V:H176Y:E193K:V222A,253.68,1,4431.530739,0,FALSE,4,0
I30T:F130L,174.97,1,4469.33926,0,FALSE,2,0
E5K:G26S:H144Y,29.12,1,4399.282551,0,FALSE,3,0
L9Q,1145.11,4,4381.132873,56.49,FALSE,1,0.012893925
Q105H,2095.31,2,4534.86588,25.29,FALSE,1,0.005576791
F184S,1069.33,1,4543.41466,0,FALSE,1,0
L172V:E193V,68.31,1,4419.984129,0,FALSE,2,0
K75E:D194N,54.92,1,4113.109533,0,FALSE,2,0
E5G:L55M,79.87,1,4361.144951,0,FALSE,2,0
K162N,630.2,3,4416.503778,43.04,FALSE,1,0.009745265
Q105H:E115D,101.85,1,4350.798274,0,FALSE,2,0
E192D,2447.89,2,4525.352053,50.45,FALSE,1,0.011148304
L3F:R78L:T220M,60.25,1,4356.495596,0,FALSE,3,0
I97V:R122H:K226R,108.27,1,4394.146317,0,FALSE,3,0
L142M,2464.43,4,4461.410315,88.33,FALSE,1,0.019798672
K28M,984.37,4,4413.454084,91.55,FALSE,1,0.02074339
A7T,2105.11,2,4488.332658,4.73,FALSE,1,0.001053843
N135D:D213Y,26.01,1,3985.156573,0,FALSE,2,0
G160R,85.38,1,4634.295732,0,FALSE,1,0
S93N:K157E,42.24,1,4134.297814,0,FALSE,2,0
N102Y:G129C,86.63,1,4145.095176,0,FALSE,2,0
D95N:R180H,35.41,1,3893.45262,0,FALSE,2,0
H176R,974.25,2,4273.678807,22.45,FALSE,1,0.005253085
S99T:M178V,61.4,1,4288.13994,0,FALSE,2,0
K12*:T52A:Y195*,30.64,1,3930.26273,0,FALSE,3,0
S86T:T87S:G173C,74.69,1,4225.619406,0,FALSE,3,0
G175V:E231D,153.47,1,4379.119706,0,FALSE,2,0
D38E,903.58,3,4555.361476,57.39,FALSE,1,0.012598342
N116S:G117D,123.02,1,4383.66689,0,FALSE,2,0
I49M:E215G,72.82,1,4227.684047,0,FALSE,2,0
A227V,2919.41,4,4141.6644,42.81,FALSE,1,0.010336424
K111T,1812.88,2,4422.366967,25.24,FALSE,1,0.005707351
P56S:D214N:R234S,35.72,1,4347.925644,0,FALSE,3,0
D107E,129.54,1,4452.77284,0,FALSE,1,0
T40S:D212N,68.94,1,4376.857705,0,FALSE,2,0
A7V:K126R:Y195H,32.32,1,4006.886773,0,FALSE,3,0
R78C:D170V,69.5,1,4568.10893,0,FALSE,2,0
E21K:D107A:R156C,53.67,1,4379.878315,0,FALSE,3,0
E11K:D194N:P211A,56.1,1,4219.330758,0,FALSE,3,0
T43A:D54H,96.44,1,4462.071857,0,FALSE,2,0
V34L,2243.19,2,4561.352441,21.03,FALSE,1,0.004610475
D217V,52.75,1,4175.536468,0,FALSE,1,0
D95V:V123A,58.01,1,4161.03995,0,FALSE,2,0
V24I:V34A:A149T,117.44,1,4443.111671,0,FALSE,3,0
R234H,3204.42,5,4143.606937,52.11,FALSE,1,0.012576
K12I:V34A:D170E,60.32,1,4299.200851,0,FALSE,3,0
T36A,1642.08,2,4370.968065,7.96,FALSE,1,0.001821107
V34A:H79L,62.85,1,4104.134005,0,FALSE,2,0
K8R,4621.97,5,4497.18663,37.39,FALSE,1,0.008314087
A168T,470.65,1,4539.038949,0,FALSE,1,0
L188I,1838.18,1,4428.793314,0,FALSE,1,0
K28S:N133D:D214Y,188.33,1,4348.521149,0,FALSE,3,0
D38Y:D95N,116.43,1,4390.636771,0,FALSE,2,0
Y143N:E231K,74.21,1,4248.188271,0,FALSE,2,0
E115G,3758.56,6,4263.534312,46.05,FALSE,1,0.010800898
K12N,5215.87,3,4505.192224,26.56,FALSE,1,0.00589542
K126M,159.66,1,4597.405936,0,FALSE,1,0
V222I,1938.77,2,4534.631973,13.02,FALSE,1,0.002871236
D217N,125.53,1,4627.01641,0,FALSE,1,0
V108A,2450.15,6,4374.259181,68.2,FALSE,1,0.015591211
D101Y,36.73,1,3995.016196,0,FALSE,1,0
S206C:D214G,200.31,1,4492.941769,0,FALSE,2,0
L3I:Y114N,103.91,1,4546.611206,0,FALSE,2,0
P4S,209.19,1,4673.372416,0,FALSE,1,0
G189S,206.55,1,4396.156854,0,FALSE,1,0
I49V,2416.39,4,4618.413731,133.02,FALSE,1,0.028802097
D214E,2502.32,4,4569.321798,67.63,FALSE,1,0.014800884
T2S,256.57,1,4571.712454,0,FALSE,1,0
I30N:G175D,269.17,1,4529.202674,0,FALSE,2,0
K162R:E215V,141.52,1,4482.572781,0,FALSE,2,0
K226R,110.63,1,4482.095244,0,FALSE,1,0
C72S,63.72,1,4515.867214,0,FALSE,1,0
D23E:G208S,193.37,1,4637.68136,0,FALSE,2,0
E21G,1196.11,4,4316.277132,118,FALSE,1,0.027338374
G26C:K209R,69.85,1,4101.580123,0,FALSE,2,0
T40A:Y143N:*235W,47.38,1,4106.543215,0,FALSE,3,0
H79Y:L172Q:T216S,80.72,1,4591.745068,0,FALSE,3,0
D38Y,349.12,2,4401.077117,110.53,FALSE,1,0.025114307
L188F,2635.47,3,4225.782935,14.57,FALSE,1,0.003447882
A7V,1254.06,4,4568.927859,50.53,FALSE,1,0.011059487
V34I:D155V,55.17,1,4002.955573,0,FALSE,2,0
A7T:P211S:V224A,36.82,1,3874.926999,0,FALSE,3,0
Y16C:T43A,51.97,1,4098.346192,0,FALSE,2,0
K75N,2192.29,4,4458.486355,69.53,FALSE,1,0.015594979
T216A:R234C,40.97,1,3995.870937,0,FALSE,2,0
A74V:N102D,114.69,1,4205.463979,0,FALSE,2,0
A168V:K209E,97.64,1,4354.845994,0,FALSE,2,0
V34I:K109I,105.64,1,4273.387804,0,FALSE,2,0
F184I,5828.1,2,4571.073024,2.39,FALSE,1,0.000522853
L142V,192.16,1,4760.295103,0,FALSE,1,0
R156H,2862.97,4,4497.989348,70.06,FALSE,1,0.015575848
I49T:V222I,127.74,1,4347.919044,0,FALSE,2,0
E21V,1184.06,3,4422.277643,89.42,FALSE,1,0.02022035
G117S,1411.11,3,4420.468456,32.05,FALSE,1,0.007250363
K162M,2274.23,3,4605.427587,4.98,FALSE,1,0.001081333
D101N:N102D,71.48,1,4082.744295,0,FALSE,2,0
E115V:K131R,64.2,1,4073.078221,0,FALSE,2,0
S93R:N102D:K126N,213.59,1,4432.207172,0,FALSE,3,0
A7G,141.88,1,4412.204095,0,FALSE,1,0
D229N:R234S,49.17,1,4030.08845,0,FALSE,2,0
K109E:M178L:T205S,80.75,1,4107.158386,0,FALSE,3,0
N116Y,7217.06,5,4398.603219,54.98,FALSE,1,0.012499422
D23Y:K45T,82.78,1,4208.119333,0,FALSE,2,0
N116D,1153.49,2,4449.881882,33.2,FALSE,1,0.007460872
K157T,1869.07,2,4434.844781,38.88,FALSE,1,0.008766936
N133Y,462.35,3,4327.365515,72.95,FALSE,1,0.016857832
T51I,1944.27,1,4475.023543,0,FALSE,1,0
A182T:A190V,112.87,1,4542.71016,0,FALSE,2,0
I14F,70.92,1,4372.065506,0,FALSE,1,0
A81P,150.37,1,4580.730924,0,FALSE,1,0
I98T,357.5,2,3495.946823,73.48,FALSE,1,0.021018626
L3H:P56H,77.25,1,4202.316106,0,FALSE,2,0
M27I:K111N:G173C,52.21,1,4058.204029,0,FALSE,3,0
E5G:A81T:P154S:R156H,26.9,1,4139.516899,0,FALSE,4,0
I49F,1915.71,4,4191.046821,66.5,FALSE,1,0.015867158
K12N:V34L:Q177L:S206R,50,1,3930.837595,0,FALSE,4,0
D23V,2657.95,7,4407.053899,228.72,FALSE,1,0.051898616
M27V:R156H,152.53,1,4276.407908,0,FALSE,2,0
G26D,1360.28,3,4421.885576,55.26,FALSE,1,0.012496931
V34A:S86C,160,1,4377.201428,0,FALSE,2,0
Y106F:S132T:W191C,67.18,1,4049.356912,0,FALSE,3,0
G160C:E193G,72,1,4341.045335,0,FALSE,2,0
T18A:R140H,291.22,1,4421.132221,0,FALSE,2,0
E231D,2595.88,2,4535.33866,20.89,FALSE,1,0.004606051
N135D:D214V,249.61,1,4518.771718,0,FALSE,2,0
T36A:Q105L,55.73,1,4115.981035,0,FALSE,2,0
L66M:E192D,679.24,1,4666.050334,0,FALSE,2,0
T128A:A190P,182.06,1,4395.65737,0,FALSE,2,0
E21V:T205S,170.48,1,4303.69988,0,FALSE,2,0
T51I:G134A,53.43,1,3953.881906,0,FALSE,2,0
R78S,373.09,2,4527.894516,158.92,FALSE,1,0.035097991
F184S:G208S,193.12,1,4529.875425,0,FALSE,2,0
G173D,1451.86,2,4456.724743,45.75,FALSE,1,0.010265386
I30N:E115V,234.93,1,4372.605787,0,FALSE,2,0
N116H,182.57,1,4498.277638,0,FALSE,1,0
C50S:D107G,33.26,1,3647.528561,0,FALSE,2,0
K111E:Q177L,80.63,1,4077.414933,0,FALSE,2,0
I14V,1980.29,1,4398.262966,0,FALSE,1,0
I30F:G159S,227.29,1,4649.453007,0,FALSE,2,0
T113S:K186E,103.05,1,4188.788345,0,FALSE,2,0
T118A:S206C:V224A,103.08,1,4340.497242,0,FALSE,3,0
I30T:K109I:G173D,168.03,1,4243.870923,0,FALSE,3,0
G160V:D212V:L230V,75.77,1,3996.412532,0,FALSE,3,0
E5G:S99T,270.6,1,4592.883132,0,FALSE,2,0
E25V:T118I:D194V,166.04,1,4384.414488,0,FALSE,3,0
T40A,1710.69,2,4560.687755,85.61,FALSE,1,0.018771292
N158S:L172Q,253.32,1,4504.252705,0,FALSE,2,0
T36A:K209E,85.51,1,4057.236829,0,FALSE,2,0
D213N,378.29,2,4343.15211,33.26,FALSE,1,0.007658032
I17N,2212.85,4,4318.917338,65.97,FALSE,1,0.015274661
P147S:E193G,63.66,1,3967.417581,0,FALSE,2,0
F10L:T51I,85.34,1,4093.978744,0,FALSE,2,0
S93G,2122.73,2,4426.966751,56.75,FALSE,1,0.012819161
V203L,1576.87,2,4271.586648,14.65,FALSE,1,0.003429639
L137V,236.87,1,4423.682028,0,FALSE,1,0
A7V:V112A,41.28,1,3741.385556,0,FALSE,2,0
K186E,4138.19,4,4327.551157,14.64,FALSE,1,0.003382976
G208D,3158.78,5,4511.203137,76.79,FALSE,1,0.017022067
P154A,213.2,1,4381.285123,0,FALSE,1,0
K45M:A81T,116.42,1,4269.798133,0,FALSE,2,0
H144Q:L153M,251.12,1,4531.973757,0,FALSE,2,0
E11G:V222I,307.12,1,4451.609695,0,FALSE,2,0
L9P,896.89,2,4523.01578,38.33,FALSE,1,0.008474434
V24I:A227S,98.42,1,4172.830571,0,FALSE,2,0
R78C:K126R,306.34,1,4663.89107,0,FALSE,2,0
A74T,1505.86,2,4466.183914,50.45,FALSE,1,0.011295997
T41M:V222A,64.79,1,3946.111817,0,FALSE,2,0
D170N,355.06,2,4469.303971,3.17,FALSE,1,0.000709283
G117S:L201V,155.63,1,4601.296419,0,FALSE,2,0
I136V:K226R,424.2,1,4539.898076,0,FALSE,2,0
K8R:N102D,407.35,1,4475.857148,0,FALSE,2,0
Y120N,1320.21,3,4219.762197,20.77,FALSE,1,0.004922078
E13G:I80V,1008.54,2,4228.776861,26.11,FALSE,2,0.006174362
P4L:G26S:A190V,161.36,1,4360.796081,0,FALSE,3,0
L3P:C50S:D90N,112.47,1,4278.127031,0,FALSE,3,0
I98V:D210E,101.78,1,4131.909272,0,FALSE,2,0
S206R,3042.04,3,4417.440279,32.17,FALSE,1,0.007282498
Q105H:H148N,40.33,1,3642.622041,0,FALSE,2,0
K45Q:N133S,176.56,1,4316.414112,0,FALSE,2,0
A168V:Y195H,174.05,1,4581.12706,0,FALSE,2,0
K109E:D194N,102.2,1,4249.868088,0,FALSE,2,0
E11D:G189S,243.86,1,4382.895994,0,FALSE,2,0
T128I,2293.25,4,4429.908395,63.28,FALSE,1,0.01428472
K8R:Y233F,262.75,1,4301.753801,0,FALSE,2,0
L153W,283.11,2,3889.845558,22,FALSE,1,0.005655752
S93N,248.53,1,4426.771407,0,FALSE,1,0
V24I:L55M,227.09,1,4377.457259,0,FALSE,2,0
V222A:V228I,118.23,1,4360.827519,0,FALSE,2,0
P187S,740.83,1,4328.546862,0,FALSE,1,0
T43N:F169L,181.6,1,4294.098486,0,FALSE,2,0
T36S:I97T,399.72,1,4425.97301,0,FALSE,2,0
V125A:H144L,75.35,1,4097.968815,0,FALSE,2,0
V112E:G129C:H176L:I225N,102.84,1,4429.248591,0,FALSE,4,0
M27T,2731.73,4,4433.288434,56.59,FALSE,1,0.012764791
E11D:I163V,259.74,1,4443.052955,0,FALSE,2,0
T41S:D170N:P211H,133.93,1,4308.784083,0,FALSE,3,0
D229N,248.66,2,4266.853688,197.59,FALSE,1,0.046308126
G129C:L142S,133.51,1,4339.755158,0,FALSE,2,0
A182S,449.57,1,4621.546992,0,FALSE,1,0
K126N:D214G,362.23,1,4450.679751,0,FALSE,2,0
S67A,66.96,1,4176.215368,0,FALSE,1,0
A81V:K157R,519.99,1,4568.807176,0,FALSE,2,0
E11D:S206G,183.59,1,4396.659217,0,FALSE,2,0
K8R:D54N:S132P,306.97,1,4626.084093,0,FALSE,3,0
T43I:D90Y,134.42,1,4263.686472,0,FALSE,2,0
Q88H,3371.96,4,4378.484457,35.5,FALSE,1,0.008107828
I14V:R140C:G208S,90.96,1,4019.368085,0,FALSE,3,0
D90Y:E193V,407.72,1,4411.611023,0,FALSE,2,0
K75N:Y76T:R78A:H79T:I80L:A81R:D82T:F83S:F84S:K85S:S86P:T87P:Q88N:D90M:G91A:Y92T:S93V:Q94R:D95T:R96A:I97S:I98S:S99R:F100S:D101T:N102M:D103T:G104A:Q105S:Y106T:D107T:V108*:A110P:V112*:T113R:Y114M:E115R:N116T:G117V:T118H:L119Y:Y120T:N121T:R122A:V123L:T124P:V125*:K126R:G127A:T128L:G129V:F130S:K131S:S132Q:N133T:G134A:N135T:I136S:L137W:M139C:R140A:V141F:L142C:Y143T:H144T:S145R:P146H:H148T:A149Q:V150S:Y151I:I152S:L153C:P154L:D155T:R156A:K157R:N158M:G159V:G160A:L161*:K162R:I163L:E164S:Y165I:N166T:K167R:A168P:F169L:D170T:V171Y:L172W:G173A:G174A:G175V:H176T:Q177R:M178W:A179P:R180V:H181T:A182P:Q183S:F184S:N185T:K186S:G189A:A190H:W191G:E192R:E193K:D194I:Y195T:P197L:Y198T:H199T:H200T:L201*:T202Q:V203C:W204G:T205L:S206A:F207S:G208A:D210T:D212M:D213T:D214T:E215R:T216Q:D217I:H218T:T220R:I221S:V222S:E223R:V224S:I225L:K226R:A227P:V228*:D229T:L230W:E231K:T232R:Y233T:R234A,461.11,2,4384.482856,1064.73,TRUE,148,0.242840498
K28E:N158I,196.35,1,4306.693418,0,FALSE,2,0
T40S:T87S:K186M,292.12,1,4409.465596,0,FALSE,3,0
A46T:D90N,40.71,1,3542.867191,0,FALSE,2,0
G53C,1677.61,4,3742.609603,101.44,FALSE,1,0.027104083
K209E,89.97,1,4120.006393,0,FALSE,1,0
T118I:P211H,224.97,1,4462.112531,0,FALSE,2,0
K12E:K162E,66.8,1,4184.116078,0,FALSE,2,0
K32E:L66M,326.51,1,4501.592348,0,FALSE,2,0
K32Q,441.33,1,4436.231695,0,FALSE,1,0
M139T:V171I:K209R,46.02,1,3729.776841,0,FALSE,3,0
I30N:T43S,214.61,1,4360.985693,0,FALSE,2,0
V125L:R140H:H176Y:E193G,486.13,1,4576.713404,0,FALSE,4,0
D101E:Y114C,162.09,1,4246.147864,0,FALSE,2,0
S206G,2946.39,2,4354.736939,32.72,FALSE,1,0.007513657
P56L:N133D:A179V,35.92,1,3348.305392,0,FALSE,3,0
K32N:T40I,57.45,1,4178.73279,0,FALSE,2,0
N133Y:F184I,271.84,1,4486.548543,0,FALSE,2,0
K28E,3913.2,5,4363.850256,33.87,FALSE,1,0.007761495
S86T,346.55,1,4551.898768,0,FALSE,1,0
T216A,1415.28,2,4455.529038,41.4,FALSE,1,0.009291826
M27K,2052.65,2,4489.4369,76.91,FALSE,1,0.017131324
L142W,120.99,1,4072.182024,0,FALSE,1,0
H218N,158.77,1,4364.063246,0,FALSE,1,0
D210Y,518.04,3,3920.19688,112.77,FALSE,1,0.028766412
Q105K,319.57,1,4585.489857,0,FALSE,1,0
N116Y:N133Y:T202S,88,1,4025.684003,0,FALSE,3,0
V125A,2421.28,4,4120.752487,64.94,FALSE,1,0.015759258
T232A,912.32,3,4260.532236,18.54,FALSE,1,0.004351569
G117S:F207L,233.86,1,4274.164181,0,FALSE,2,0
S65A,48.35,1,3582.119553,0,FALSE,1,0
A149V:P154S,157.22,1,4462.765446,0,FALSE,2,0
G53C:S99T,40.55,1,3632.222208,0,FALSE,2,0
V24A,447.91,3,3747.041209,203.67,FALSE,1,0.054354887
K45E,6359.42,4,4320.376214,47.82,FALSE,1,0.011068481
E5K:A182V,424.72,1,4497.682497,0,FALSE,2,0
L161I,333.3,1,4491.345865,0,FALSE,1,0
L153M:P197L,112.57,1,4256.95115,0,FALSE,2,0
L55R:T113S:A149T,25.58,1,3380.555766,0,FALSE,3,0
Y16C:K111Q,133.44,1,4152.430674,0,FALSE,2,0
K75R,2975.07,5,4309.383227,39.15,FALSE,1,0.009084827
A7V:E25G:N102D:Y143N,114.53,1,4234.105921,0,FALSE,4,0
I17L:V141I,353.32,1,4510.996371,0,FALSE,2,0
I49T:F207L,161.14,1,4270.628895,0,FALSE,2,0
A81V:T128A,191.12,1,4469.124439,0,FALSE,2,0
F73Y,161.66,1,4179.215632,0,FALSE,1,0
V171A,3324.17,3,4168.575893,18.12,FALSE,1,0.004346808
E11D:K131E,359.92,1,4519.356017,0,FALSE,2,0
Y16C,2848.18,4,4309.451231,32.06,FALSE,1,0.007439462
A7P,876.52,2,4437.76022,26,FALSE,1,0.005858811
K157E:E193G,212.08,1,4325.541085,0,FALSE,2,0
I31V:A74T,243.34,1,4369.680811,0,FALSE,2,0
K109N:T216A,239.44,1,4227.180019,0,FALSE,2,0
K8M:E19K:E21V,321.74,1,4334.125577,0,FALSE,3,0
K126E:F184S,221.84,1,4346.003817,0,FALSE,2,0
G174D,1737.55,2,4395.950817,22.34,FALSE,1,0.005081949
R122H:T232A,52.06,1,3860.874624,0,FALSE,2,0
T2S:K45R:V228I:T232S,323.79,1,4385.918791,0,FALSE,4,0
D23V:T113S:N116D,248.45,1,4473.062142,0,FALSE,3,0
K45M:S206I,176.37,1,4214.392194,0,FALSE,2,0
E11V:R156C,401.7,1,4471.097581,0,FALSE,2,0
T124A:E192D,412.16,1,4437.245221,0,FALSE,2,0
T41A,2354.72,2,4393.130779,37.28,FALSE,1,0.008485975
E5A,688.48,1,4510.239452,0,FALSE,1,0
T113A,5140.31,5,4412.151789,45.85,FALSE,1,0.010391755
Y48H,828.09,2,3709.474761,12.94,FALSE,1,0.003488364
F184S:P197S,232.23,1,4374.775453,0,FALSE,2,0
F184C,613.38,1,4487.46792,0,FALSE,1,0
I97F:H176R,61.6,1,3809.574171,0,FALSE,2,0
V34A:K131R,564.09,1,4437.851414,0,FALSE,2,0
M139I,362.21,2,4121.987645,136.12,FALSE,1,0.033022903
R78C:H79R:K109R,300.63,1,4395.755185,0,FALSE,3,0
F10L:A81V,93.18,1,4130.641931,0,FALSE,2,0
E164V:D170G,196.51,1,4234.157432,0,FALSE,2,0
K12N:A74S,351.1,1,4365.091838,0,FALSE,2,0
K126N,1102.39,2,4445.860113,48.25,FALSE,1,0.010852793
E13G:D170V:E215G,164.6,1,4086.454349,0,FALSE,3,0
K28E:A168T:T205S,133.68,1,4058.043626,0,FALSE,3,0
A7E:I30F:N102S,317.17,1,4398.221607,0,FALSE,3,0
K12E:S99A,483.31,1,4465.752249,0,FALSE,2,0
G175C,2860.19,4,4419.72964,55.39,FALSE,1,0.012532441
E215G,773.28,1,4437.668088,0,FALSE,1,0
Y195H,400.87,2,4055.128157,30.92,FALSE,1,0.007624913
T40S:T51I:N102D:T118A,267.52,1,4329.82956,0,FALSE,4,0
L3P:F100Y:E192K:D214N,395.62,1,4405.424466,0,FALSE,4,0
L3P:P197T,409.17,1,4469.368352,0,FALSE,2,0
T43N:K111R:V125M,143.12,1,4209.916597,0,FALSE,3,0
I97T:Y143S,165.06,1,4251.60954,0,FALSE,2,0
A39S:T40I:L142S,129.04,1,4102.465052,0,FALSE,3,0
D23V:L137M,316.78,1,4372.845322,0,FALSE,2,0
R156L:F207I,140.29,1,4282.520533,0,FALSE,2,0
K12T:I98V,188.71,1,4186.498625,0,FALSE,2,0
P89S,1141.12,3,4160.540965,83.76,FALSE,1,0.020131997
H79Q,288.12,1,4387.15135,0,FALSE,1,0
K12N:E21D:G26S:S206R,73.39,1,3753.32851,0,FALSE,4,0
I14T,2242.63,1,4483.127034,0,FALSE,1,0
A190S:F207I,174.72,1,4214.917074,0,FALSE,2,0
Y114N,435.27,2,4275.644044,105.87,FALSE,1,0.024761182
N133K:L142M:N158S:P197T,203.68,1,4184.889246,0,FALSE,4,0
N102Y:N166I,227.3,1,4262.189719,0,FALSE,2,0
L3I:H144Y,147.06,1,4185.511764,0,FALSE,2,0
N166S:E192G,263.41,1,4436.673276,0,FALSE,2,0
K45M:A149T,330.38,1,4445.780411,0,FALSE,2,0
S93R:N158Y:T202S,181.67,1,4324.984855,0,FALSE,3,0
L153M,1325.92,2,4321.952864,13.86,FALSE,1,0.003206884
Q177H,1671.99,4,4293.02504,247.35,FALSE,1,0.057616715
G208S,466.7,2,4484.471021,157.94,FALSE,1,0.035219316
H200N:F207I,55.67,1,3779.032678,0,FALSE,2,0
E21V:N133S,772.06,1,4530.908967,0,FALSE,2,0
E5D:T51I:D217N,211.38,1,4435.512285,0,FALSE,3,0
T61S,1153.16,1,4333.324045,0,FALSE,1,0
K209I,29.18,1,4068.464086,0,FALSE,1,0
K45N:P154A,227.41,1,4214.198832,0,FALSE,2,0
T40I:S93G:N116D:V171L,142.47,1,4019.322573,0,FALSE,4,0
K28N:N158Y,241.01,1,4268.153487,0,FALSE,2,0
K109R:R180S,76.24,1,3757.130646,0,FALSE,2,0
E5G:V108A,365.7,1,4382.062545,0,FALSE,2,0
D101V:M139L,95.08,1,3869.861452,0,FALSE,2,0
T40P,279.08,1,4257.760155,0,FALSE,1,0
T2I:L20V,108.09,1,3952.938146,0,FALSE,2,0
P147S,4179.68,3,4162.8253,37.53,FALSE,1,0.009015512
K12E:R140H,313.85,1,4287.976399,0,FALSE,2,0
V34I:D194E,446.14,1,4569.294755,0,FALSE,2,0
K45R,2684.02,2,4470.296045,29.26,FALSE,1,0.006545428
K109E:A182T,321.78,1,4299.127013,0,FALSE,2,0
G129C:M178V,156.44,1,4103.87313,0,FALSE,2,0
K157M:A179V,107.99,1,3826.134947,0,FALSE,2,0
T41R:T220M,338.89,1,4286.410439,0,FALSE,2,0
T40I:G208S,303.06,1,4250.263309,0,FALSE,2,0
T52I:K157M,209.02,1,4050.941539,0,FALSE,2,0
I17V:G208C:E215A,463.21,1,4364.876715,0,FALSE,3,0
D38V,885.52,1,4329.136047,0,FALSE,1,0
E5A:E115G,370.95,1,4403.289574,0,FALSE,2,0
E193V:P211L,586.64,1,4403.088029,0,FALSE,2,0
E21K:T40I,234.27,1,4261.73655,0,FALSE,2,0
T41M,866.8,4,4238.510009,55.36,FALSE,1,0.013061194
K32M:T52S:I97N,157.64,1,4076.82377,0,FALSE,3,0
T40I:A60T,70.05,1,3397.898724,0,FALSE,2,0
P58S:I97T,115.49,1,3823.974142,0,FALSE,2,0
E13V:L119I,259.93,1,4307.364702,0,FALSE,2,0
I49S,478.84,1,4444.596816,0,FALSE,1,0
D95Y:V171I,350.93,1,4251.689637,0,FALSE,2,0
T41M:S93R,285.04,1,4306.674834,0,FALSE,2,0
I31V:T61S:K126E,620.13,1,4477.829039,0,FALSE,3,0
A182T:F207L,778.87,1,4525.790614,0,FALSE,2,0
T36A:A179S,173.76,1,4051.187451,0,FALSE,2,0
I49V:A60T,218.7,1,4131.615177,0,FALSE,2,0
S99L:G175S,256.55,1,4222.763611,0,FALSE,2,0
R122H,413.82,1,4382.565376,0,FALSE,1,0
E13V:K111R:D210N,108.21,1,3801.892061,0,FALSE,3,0
K28E:I97T:D107E:M178I,219.4,1,4135.163707,0,FALSE,4,0
Y106F:G138R:D170G:E215G,153.5,1,3951.13858,0,FALSE,4,0
W204S,144.61,1,3928.793083,0,FALSE,1,0
S93N:K157E:K162R,479.33,1,4369.904599,0,FALSE,3,0
R122S:I163V,210.29,1,4036.889728,0,FALSE,2,0
V34I:Y120C:T124A:T128A,151.64,1,3980.593593,0,FALSE,4,0
R140G:P211H,132.43,1,3887.174555,0,FALSE,2,0
P146Q,2773.34,2,4108.631842,23.76,FALSE,1,0.005782947
F71L,6281.98,5,4064.804565,38.98,FALSE,1,0.009589637
E25D:S93R:E164G:K167M,94.14,1,3566.645039,0,FALSE,4,0
D38Y:I44V,135.47,1,3841.93172,0,FALSE,2,0
K45Q:S99T,398.22,1,4375.986283,0,FALSE,2,0
T40I:K109N,200.92,1,4040.63643,0,FALSE,2,0
D107N:E115V,523.91,1,4333.085163,0,FALSE,2,0
G26S:H144D:K157R,531.85,1,4391.328383,0,FALSE,3,0
I163T,1003.02,3,4183.051742,20.86,FALSE,1,0.00498679
I49T:A81T,349.84,1,4286.431088,0,FALSE,2,0
F207S:K209R,124.05,1,3788.172542,0,FALSE,2,0
E11D:P197H,675.69,1,4438.36271,0,FALSE,2,0
T41S:H79Q:F100Y,292.86,1,4221.426298,0,FALSE,3,0
K75E:N135D,344.39,1,4249.486317,0,FALSE,2,0
V34D,2903.07,2,4480.967389,35.9,FALSE,1,0.008011663
I97T,2868.93,4,4473.056127,17.7,FALSE,1,0.003957026
S67T:G175S,387.84,1,4238.444839,0,FALSE,2,0
T202S,2192.07,4,4375.615051,55.54,FALSE,1,0.012693073
P211H,544.44,1,4344.238043,0,FALSE,1,0
H176N,1362.39,2,4450.136449,53.29,FALSE,1,0.011974914
S132P:V171E,391.73,1,4333.010696,0,FALSE,2,0
H144Q:G175C,653.86,1,4370.366508,0,FALSE,2,0
G129C:A182V:R234C,250.88,1,4103.147596,0,FALSE,3,0
L3P:E11D:S206G,630.72,1,4398.272951,0,FALSE,3,0
T40S:K111E:K157E,452.24,1,4275.167729,0,FALSE,3,0
G127C:N133D,633.95,1,4336.399328,0,FALSE,2,0
K8R:N135S,447.89,1,4277.49718,0,FALSE,2,0
I14T:R180H,186.93,1,3911.623016,0,FALSE,2,0
G173D:D229E,559.4,1,4311.150555,0,FALSE,2,0
H144Y:A227G,304.11,1,4125.441984,0,FALSE,2,0
R78L:G174S,406.78,1,4220.256836,0,FALSE,2,0
I31V:Q105L:L142S,821.07,1,4558.388371,0,FALSE,3,0
V24I:G173C,378.45,1,4176.566542,0,FALSE,2,0
K75E,4106.03,6,4318.905888,42.77,FALSE,1,0.009902971
K8N:D212G,707,1,4326.035784,0,FALSE,2,0
V141I:K157R,694.58,1,4529.855854,0,FALSE,2,0
C50S:I97T,368.4,1,4269.193437,0,FALSE,2,0
Y16F,2841.82,3,4037.701865,45.74,FALSE,1,0.011328226
L9P:I17T,278.59,1,4103.769286,0,FALSE,2,0
L172P,2940.95,3,4268.794882,496.18,FALSE,1,0.11623421
G134C,290.9,2,3765.058059,12.29,FALSE,1,0.003264226
T52I,383.8,2,4033.961488,65.86,FALSE,1,0.016326383
I97N,1462.98,2,4338.06612,63.36,FALSE,1,0.014605587
T40S:G174C,269.56,1,4137.721888,0,FALSE,2,0
N135D:G174C,103.03,1,3482.975458,0,FALSE,2,0
V24L,1767.79,3,4230.959032,57.97,FALSE,1,0.013701385
T1I:V57L,437.53,1,4150.898521,0,FALSE,2,0
T124I:N133K:H176R,198.94,1,3831.508001,0,FALSE,3,0
K45E:I62L:K131M,349.43,1,4210.469162,0,FALSE,3,0
V228A,6051.45,4,3638.85892,92.45,FALSE,1,0.025406316
A7P:I17F,655.34,1,4429.925041,0,FALSE,2,0
Q105L:F169L,461.08,1,4237.092556,0,FALSE,2,0
L142S:W204R,240.74,1,3891.44359,0,FALSE,2,0
K47T:I49V:L172V:D213V,160.03,1,3669.929911,0,FALSE,4,0
T41A:K209E,151.26,1,3718.071451,0,FALSE,2,0
K75N:P146Q,244.93,1,3932.248817,0,FALSE,2,0
I44V:E231K,278.78,1,3999.286149,0,FALSE,2,0
S65T:V108A:K111N,164.28,1,3713.228076,0,FALSE,3,0
K12N:T113S:E164V,318.67,1,4259.185251,0,FALSE,3,0
T216S,1570.86,3,4487.08636,81.04,FALSE,1,0.018060718
S132T:I136V:F207L,659.54,1,4326.957268,0,FALSE,3,0
L20M,3430.53,3,4369.181424,31.52,FALSE,1,0.007214166
L142F,2074.63,2,4398.557353,17.63,FALSE,1,0.004008132
L63M:T87S,484.18,1,4234.385262,0,FALSE,2,0
D23V:P147S,295.78,1,4007.321371,0,FALSE,2,0
K28E:T43I:L161I,343.56,1,4072.689946,0,FALSE,3,0
L3P:N166S,731.3,1,4246.04264,0,FALSE,2,0
I44V:K45R:N133S,242.38,1,3811.108514,0,FALSE,3,0
I62L:P146R:V222A,171.21,1,3535.688123,0,FALSE,3,0
D107G:N158Y,505.27,1,4190.231859,0,FALSE,2,0
L3P:K8M:P146S,252.83,1,3881.493328,0,FALSE,3,0
G134S,671.68,1,4282.065081,0,FALSE,1,0
D217E,4858.73,1,4397.925269,0,FALSE,1,0
E21V:K32N:W204R,229.61,1,3695.337786,0,FALSE,3,0
A60T:K131E,430.05,1,4049.051968,0,FALSE,2,0
D155E,1064.42,1,4378.000875,0,FALSE,1,0
E11V:W204R,316.04,1,3857.979114,0,FALSE,2,0
K28E:E231G,685.05,1,4324.416877,0,FALSE,2,0
T220R:A227V,354.93,1,4007.483788,0,FALSE,2,0
R122S,659.95,1,4190.445486,0,FALSE,1,0
A227T,1559.76,3,3914.492061,31.81,FALSE,1,0.008126214
N166I:Q177H,563.58,1,4076.081253,0,FALSE,2,0
T87S:E115D,1004.9,1,4307.761568,0,FALSE,2,0
Y16F:N133Y,359.1,1,3897.590177,0,FALSE,2,0
I14L,4372.9,1,4389.85761,0,FALSE,1,0
T36I:S93G,526.08,1,4097.7792,0,FALSE,2,0
K32R:K75E,867.84,1,4187.027027,0,FALSE,2,0
T2I:Y92F:E215V,490.24,1,3810.099537,0,FALSE,3,0
P56H:Y143H:Y165F,506.5,1,3862.554554,0,FALSE,3,0
V171L:E215V:L230M,651.36,1,3874.987922,0,FALSE,3,0
E5V:W204L,675.7,1,3885.401186,0,FALSE,2,0
P147H,3221.91,2,2362.925999,22.75,FALSE,1,0.009627894
L172Q:G174S:Y233H,259.72,1,937.0144126,0,FALSE,3,0
Q88*:T124I:V125M,27.31,1,4418.588546,0,FALSE,3,0
T61I,3036.79,4,2234.930297,30.65,FALSE,1,0.013714074
wt_ctrl_cgre900x,1839.36,1,4342.896793,0,FALSE,1,0
T18A:T36S:Y151H,95.15,1,372.1555565,0,FALSE,3,0
V70A,3068.99,2,3352.385341,60.27,FALSE,1,0.017978244
K85E,81.15,2,1884.605069,379.03,FALSE,1,0.20111906
R156C:K167T,2205.89,1,1686.468465,0,FALSE,2,0
L3H:K12E:K28R:H148N:P197H,2032.61,1,3598.293516,0,FALSE,5,0
wt_ctrl_cgre985,181.81,1,2039.802209,0,FALSE,1,0
wt_ctrl_cgre83,1006.24,1,3547.581267,0,FALSE,1,0
wt_ctrl_cgre911,7065.93,1,3987.370506,0,FALSE,1,0
wt_ctrl_cgre575,1905,1,4248.652224,0,FALSE,1,0
K28N,3636.93,2,4468.582303,39.62,FALSE,1,0.008866347
K167M:L172Q,2739.63,1,5599.229272,0,FALSE,2,0
I30T:Y76H,103.54,1,3252.741432,0,FALSE,2,0
N102D:N116K,2494.5,1,4535.07544,0,FALSE,2,0
wt_ctrl_cgre13,3799.95,1,3487.243715,0,FALSE,1,0
N166D,7248.3,3,3791.879926,1.36,FALSE,1,0.000358661
S132L:L219F,1402.58,1,3595.917947,0,FALSE,2,0
T18A:V34A,1077.28,1,4863.682051,0,FALSE,2,0
F184S:V228A,1761.8,1,3807.265784,0,FALSE,2,0
K28R:Q183H,1338.69,1,2478.770494,0,FALSE,2,0
S67T,3271,3,4457.559781,69.25,FALSE,1,0.015535406
G6C:K186E,2032.93,1,4210.949684,0,FALSE,2,0
K131N:D214Y,2271.03,1,4346.432997,0,FALSE,2,0
M27V:E215D,1081.94,1,4431.254822,0,FALSE,2,0
S67T:A149T,1950.24,1,4287.577655,0,FALSE,2,0
G26D:T36A:H79R:I221T,55.83,1,1360.275606,0,FALSE,4,0
T40S:H79Y:T128I,2203.8,1,4204.517086,0,FALSE,3,0
L119I:K157E,2664.61,1,4466.226959,0,FALSE,2,0
F10Y:D107A:L161I:A182T,2656.84,1,4127.98622,0,FALSE,4,0
V123I,3669.59,2,4257.899877,32.09,FALSE,1,0.007536579
H144N:F184L,2644.5,1,4448.239692,0,FALSE,2,0
H144N:K162M,1486.5,1,4513.052975,0,FALSE,2,0
I30F:V224I,3035.94,1,4384.207908,0,FALSE,2,0
L3R,2342.09,1,4529.800402,0,FALSE,1,0
L230V,2518.11,1,4578.143263,0,FALSE,1,0
K226N:A227V,1173.81,1,2482.698538,0,FALSE,2,0
Y16C:L20M:A227V,845.75,1,2433.417052,0,FALSE,3,0
I49V:V203L,2489.98,1,4400.478708,0,FALSE,2,0
D95E:H200N,1496.83,1,2052.315192,0,FALSE,2,0
K109R,3481.41,4,4520.697708,53.35,FALSE,1,0.011801276
Q105R:N166D,1472.97,1,3613.549789,0,FALSE,2,0
L161I:D212N,2455.21,1,4389.48845,0,FALSE,2,0
K126Q,1556.82,1,4522.47142,0,FALSE,1,0
K45N:T113A:E193G,3227.25,1,4281.754775,0,FALSE,3,0
I14M:K131R,48.14,1,4407.50162,0,FALSE,2,0
F169Y,3281.51,1,4081.606696,0,FALSE,1,0
L161I:L230M,1855.58,1,3632.353995,0,FALSE,2,0
I44T:I49V,1605.45,1,2563.52518,0,FALSE,2,0
E19D:Y151H,1934.35,1,912.3539599,0,FALSE,2,0
E231A,1609.32,1,4468.316515,0,FALSE,1,0
T40A:Y165C,2786.03,1,2040.791087,0,FALSE,2,0
R156P,3470.12,1,4560.837874,0,FALSE,1,0
G6A,2345,1,4519.413413,0,FALSE,1,0
F10S:A168V,1749.01,1,4272.281031,0,FALSE,2,0
E21V:K28R:F184C,2859.46,1,4467.029009,0,FALSE,3,0
A60T:Q105R:K131R,1563.01,1,3922.833303,0,FALSE,3,0
F100Y:H200L,2138.33,1,857.9584208,0,FALSE,2,0
D107A,6603.05,3,4544.309162,19.78,FALSE,1,0.004352697
Y16*,149.4,2,3695.044988,2.4,FALSE,1,0.000649518
V34F,2593.49,2,4439.475945,10.79,FALSE,1,0.002430467
F71S,659.53,2,1910.719486,28.92,FALSE,1,0.01513566
K209R,1453.85,2,4245.689374,66.86,FALSE,1,0.015747737
E13A:T118A,1158.64,1,4443.339217,0,FALSE,2,0
Q183L:F184S,184.75,1,2594.278642,0,FALSE,2,0
N102H:I221V,521.54,1,4447.68013,0,FALSE,2,0
K8E,5848.1,1,4467.446158,0,FALSE,1,0
K28R:E215V,1629.14,1,4512.883293,0,FALSE,2,0
M27V:V224I,1306.94,1,4435.102117,0,FALSE,2,0
T128A:L188H:D214G:V228I,26.12,1,1430.666762,0,FALSE,4,0
P58S:N158S,537.7,1,3772.850885,0,FALSE,2,0
D107E:A182V:L188F:T216A,255.66,1,3185.155723,0,FALSE,4,0
K186M,1682.32,2,4409.185482,31.38,FALSE,1,0.007116961
T128A:E193D:T220S,668.07,1,4216.680752,0,FALSE,3,0
I221V,3152.92,2,4500.751947,70.94,FALSE,1,0.015761811
D107N:N121S:A190T,449.76,1,3426.869269,0,FALSE,3,0
N166K,370.44,1,2951.307625,0,FALSE,1,0
E164G,3113.1,6,1875.863206,38.16,FALSE,1,0.020342635
L142S,3616.55,3,4547.192673,24.9,FALSE,1,0.005475906
W204L,1551.67,2,3920.981325,59.83,FALSE,1,0.015258935
K12R:S93R,707.89,1,4522.965161,0,FALSE,2,0
R234S,1485.51,2,4371.700403,16.21,FALSE,1,0.003707939
E11G,4458.77,5,4562.025965,86.99,FALSE,1,0.019068283
T18A:N166I:D170V,32.53,1,4183.562583,0,FALSE,3,0
N135I:T220M:V228I,319.84,1,4051.245349,0,FALSE,3,0
D217G,1107.42,3,3939.593304,58.05,FALSE,1,0.014735024
G117S:N133D:P197L,1698.58,1,4277.368309,0,FALSE,3,0
F207Y,3985.28,3,1711.646453,27.68,FALSE,1,0.016171564
K8R:K131N:V141I:Q177L,523.42,1,4203.633283,0,FALSE,4,0
K209N:Y233H,314.96,1,585.7603252,0,FALSE,2,0
K28E:N185S,1270.29,1,3732.829771,0,FALSE,2,0
T43A:E164V,659.8,1,4080.234752,0,FALSE,2,0
V24I:Y120F,494.31,1,4467.231292,0,FALSE,2,0
Y120N:L142M:H200L,408.55,1,1542.119419,0,FALSE,3,0
K111N:N185D,957,1,1411.961601,0,FALSE,2,0
D54N:D217E,297.86,1,4436.801388,0,FALSE,2,0
Y198N,3229.49,1,4270.040244,0,FALSE,1,0
G22C:T51I:H144Q,480.05,1,837.0053243,0,FALSE,3,0
T87S:H144R,1147.12,1,4331.389208,0,FALSE,2,0
F10L:P211H,169.29,1,3887.96494,0,FALSE,2,0
F71L:G138R:N158H:G159C:V222I,121.02,1,1934.80227,0,FALSE,5,0
K109Q:K131E,1044.81,1,4459.063772,0,FALSE,2,0
V224I,4228.65,3,4491.453785,56.35,FALSE,1,0.012546049
E5D:I49V:L63M:T216A,991.38,1,3889.055859,0,FALSE,4,0
K28M:T40S,1415.87,1,4463.979024,0,FALSE,2,0
D54N:D155Y:L201M:E231D,104.82,1,3150.357886,0,FALSE,4,0
Q105H:A190V:T202A,276.43,1,1959.613145,0,FALSE,3,0
T40N:A81T:T128A,2038.98,1,4252.07401,0,FALSE,3,0
R78H:Y92H,390.69,1,1548.074784,0,FALSE,2,0
S93G:V125L,594.1,1,4547.227268,0,FALSE,2,0
V34I:G134S,625.39,1,4095.469674,0,FALSE,2,0
K8N:A168T:L230M,482.18,1,3548.884122,0,FALSE,3,0
R140H,2384.81,1,4283.837092,0,FALSE,1,0
T43A,6534.87,4,4364.571424,55.07,FALSE,1,0.012617505
K167Q,2017.08,1,1483.389545,0,FALSE,1,0
V34A:T36I,680.11,1,4249.71105,0,FALSE,2,0
H144Y,2752.44,4,4463.211978,55.15,FALSE,1,0.012356572
K109R:N133S:A182T,1240.6,1,4422.486177,0,FALSE,3,0
T124S:K162E,570.37,1,4426.905416,0,FALSE,2,0
S132P:P196A,1135.29,1,4324.506966,0,FALSE,2,0
Y92F:N116Y,1174.23,1,3807.9991,0,FALSE,2,0
A46V:A182V:F184I,331.94,1,1488.568261,0,FALSE,3,0
K32M:A46T,616.04,1,3566.054959,0,FALSE,2,0
C72S:R156H,422.5,1,4061.989753,0,FALSE,2,0
N102K,3269.16,2,4450.87306,8.49,FALSE,1,0.001907491
E223D,853.22,2,508.398902,26.92,FALSE,1,0.052950547
F130L,1446.74,1,4467.293127,0,FALSE,1,0
T2A:L3P:P4T:I17A:V34E:T40A:K75Q:L161M:D170E:L172M:P197L:D214G,29.01,1,2213.405668,0,FALSE,12,0
F207S,6118.98,6,4132.894649,23.44,FALSE,1,0.00567157
P146L:F184S,1544.83,1,3758.539371,0,FALSE,2,0
E164G:M178V,443.86,1,1100.086551,0,FALSE,2,0
Q105L:V112A,638.89,1,3307.168026,0,FALSE,2,0
H79Y:L137M,838.99,1,4091.302446,0,FALSE,2,0
Q88L:Q105K,1368.71,1,4366.981755,0,FALSE,2,0
A168T:D194N,1024.33,1,4557.677599,0,FALSE,2,0
E5D:E21V:P147L,93.32,1,2522.877318,0,FALSE,3,0
T51S:F207I,188.48,1,4202.721107,0,FALSE,2,0
Q105H:S132L:N133S,865.92,1,4252.165705,0,FALSE,3,0
H144D,1633.33,2,4425.18229,40.75,FALSE,1,0.00920866
R78H:R156H,815.03,1,4552.57339,0,FALSE,2,0
V228E,219.57,1,1302.862173,0,FALSE,1,0
Y16*:G174S,32.86,1,3907.613578,0,FALSE,2,0
F169S,372.29,5,849.3867937,304.29,FALSE,1,0.358246681
G26D:K85M:V141L:I152L:L153A:P154*:D155P:R156Q:K157E:N158W:G159W:G160L:L161K:K162D:I163*:E164V:Y165*:N166Q:K167G:A168L:F169*:D170R:V171T:L172G:G173R:G174R:G175S:H176P:Q177D:M178G:A179P:R180S:H181R:A182P:Q183V:F184Q:N185Q:K186A:L188W:G189R:A190M:W191G:E192G:E193R:D194L:Y195P:P197L:Y198P:H199P:H200P:L201D:T202S:W204D:T205*:S206L:F207R:G208Q:K209R:D210P:P211R:D212*:D213R:D214R:E215D:T216R:D217S:H218P:L219Y:T220D:I221R:V222R:E223G:V224H:I225*:K226G:A227R:V228R:D229L:L230G:E231D:T232V:Y233P:R234L,39.89,1,3115.686258,0,TRUE,83,0
N102D:R140H:L188R,27.2,1,2987.608042,0,FALSE,3,0
wt_ctrl_cgre9708,8787.53,1,4740.875516,0,FALSE,1,0
P56H:K85E:Y165H,34.37,1,4551.615596,0,FALSE,3,0
L9Q:Q88*:V108G:K131M:L188F,31.19,1,3874.909052,0,FALSE,5,0
wt_ctrl_cgre132,1157.33,1,5169.298912,0,FALSE,1,0
E25D:T51S:P211S,1381.72,1,4173.642057,0,FALSE,3,0
K8M:L201Q,34.66,1,2098.843977,0,FALSE,2,0
V70A:G117D:R122C:V150A,35.87,1,2295.840404,0,FALSE,4,0
Y48*:K131R:S206N,29.59,1,3841.074761,0,FALSE,3,0
C50Y:W204*,30.83,1,4417.990336,0,FALSE,2,0
W204S:D217V,425.35,1,3602.930998,0,FALSE,2,0
A110G,1836.47,1,4504.106432,0,FALSE,1,0
E5K:A74V:K75N:Y76T:R78A:H79T:I80L:A81R:D82T:F83S:F84S:K85S:S86P:T87P:Q88N:D90M:G91A:Y92T:S93V:Q94R:D95T:R96A:I97S:I98S:S99R:F100S:D101T:N102M:D103T:G104A:Q105S:Y106T:D107T:V108*:A110P:V112*:T113R:Y114M:E115R:N116T:G117V:T118H:L119Y:Y120T:N121T:R122A:V123S:T124P:V125*:K126R:G127T:T128L:G129V:F130S:K131S:S132Q:N133T:G134A:N135T:I136S:L137W:M139C:R140A:V141F:L142C:Y143T:H144T:S145R:P146H:H148T:A149Q:V150S:Y151I:I152S:L153C:P154L:D155T:R156A:K157R:N158M:G159V:G160V:L161*:K162R:I163L:E164S:Y165I:N166T:K167R:A168P:F169L:D170T:V171Y:L172W:G173A:G174A:G175V:H176T:Q177R:M178W:A179P:R180V:H181T:A182P:Q183S:F184S:N185T:K186S:G189A:A190H:W191G:E192R:E193K:D194I:Y195T:P197L:Y198T:H199T:H200T:L201*:T202Q:V203C:W204G:T205L:S206A:F207S:G208A:D210T:D212M:D213T:D214T:E215R:T216Q:D217I:H218T:T220R:I221S:V222S:E223R:V224S:I225L:K226R:A227P:V228*:D229T:L230W:E231K:T232R:Y233T:R234A,98.36,1,4227.801169,0,TRUE,150,0
K111N:V141I,2021.68,1,4406.527288,0,FALSE,2,0
M27T:V70G:G129R,109.4,1,278.8421395,0,FALSE,3,0
P15H:Y16H:Y68H:P77S:I80V:Q105L,31.37,1,4593.540182,0,FALSE,6,0
Q94L:A110P:V112*:T113R:Y114M:E115R:N116T:G117E:T118H:L119Y:Y120T:N121T:R122A:V123L:T124P:V125*:K126R:G127A:T128L:G129V:F130S:K131S:S132Q:N133T:G134A:N135T:I136S:L137W:M139C:R140A:V141F:L142C:Y143T:H144T:S145R:P146H:H148T:A149Q:V150S:Y151I:I152S:L153C:P154L:D155T:R156A:K157R:N158M:G159V:G160A:L161*:K162R:I163L:E164S:Y165I:N166T:K167R:A168P:F169L:D170T:V171Y:L172W:G173A:G174A:G175V:H176T:Q177R:M178W:A179P:R180V:H181T:A182P:Q183S:F184S:N185T:K186S:G189A:A190H:W191G:E192R:E193K:D194I:Y195T:P197L:Y198T:H199T:H200T:L201*:T202Q:V203C:W204G:T205L:S206A:F207S:G208A:D210T:D212M:D213T:D214T:E215R:T216Q:D217I:H218T:T220R:I221S:V222S:E223R:V224S:I225L:K226R:A227P:V228*:D229T:L230W:E231K:T232R:Y233T:R234A,26.16,1,3934.907743,0,TRUE,117,0
W191*:Y233*,34.65,1,1159.2791,0,FALSE,2,0
I44N,1241.48,3,362.1796561,8.87,FALSE,1,0.024490608
M27T:W59*:M178T,45.7,1,1807.176496,0,FALSE,3,0
G26C:I44S:K45R:A46R:K47S:Y48T:I49S:C50A:T51P:T52P:G53A:D54T:L55C:V57C:W59G:A60L:T61P:I62S:L63C:S64H:S65H:L66C:S67R:Y68T:G69A:V70C:C72A:F73S:A74*:K75I:Y76P:R78P:I80C:A81G:D82L:F83L:F84Q:K85V:S86H:T87P:Q88T:P89R:D90W:G91L:Y92Q:Q94G:D95P:R96H:I97H:I98L:S99V:F100R:D101Q:N102*:D103R:G104P:Q105V:Y106R:D107R:V108E:K109S:A110Q:K111S:V112D:T113V:Y114*:E115Q:N116R:G117Y:L119I:Y120Q:N121P:V123Y:T124R:V125E:K126G:G127H:T128W:G129F:F130Q:K131V:S132K:N133R:G134Q:N135H:I136P:L137G:G138D:M139A:V141F:L142V:Y143P:H144L:S145A:P146T:H148R:A149S:V150L:I152L:L153A:P154*:D155P:R156Q:K157E:N158W:G159W:G160L:L161K:K162D:I163*:E164V:Y165*:N166Q:K167G:A168L:F169*:D170R:V171T:L172G:G173R:G174R:G175S:H176P:Q177D:M178G:A179P:R180S:H181R:A182P:Q183V:F184Q:N185Q:K186A:L188W:G189R:A190M:W191G:E192G:E193R:D194L:Y195P:P197L:Y198P:H199P:H200P:L201D:T202S:W204D:T205*:S206L:F207R:G208Q:K209R:D210P:P211R:D212*:D213R:D214R:E215D:T216R:D217S:H218P:L219Y:T220D:I221R:V222R:E223G:V224H:I225*:K226G:A227R:V228R:D229L:L230G:E231N:T232V:Y233P:R234L,26.93,1,3461.626717,0,TRUE,178,0
S65P:Y120N,560.59,1,313.9737615,0,FALSE,2,0
E19G:Y106*:K131R,45.17,1,4710.371604,0,FALSE,3,0
L142M:K157M:R234S,552.06,1,4238.128487,0,FALSE,3,0
G189D:E215G:E231K:T232R:Y233T:R234A,27.19,1,3714.828753,0,TRUE,6,0
G138R,2671.25,2,4380.358931,14.71,FALSE,1,0.003358172
F10I,542,2,3722.273292,145.81,FALSE,1,0.039172298
K8R:K12E:K47Q:A74T:K131R,54.56,1,2051.209923,0,FALSE,5,0
S93C:D107G:K131*,36.82,1,3757.371622,0,FALSE,3,0
T40A:A81E,1185.77,1,4429.738076,0,FALSE,2,0
A60S,6100.52,2,4340.956587,37.94,FALSE,1,0.008740009
D23V:T51I:R78H:L137M,468.93,1,4119.821694,0,FALSE,4,0
E25V:I49V,703.89,1,4360.335809,0,FALSE,2,0
wt_ctrl_cgre121,6107.01,1,3090.626012,0,FALSE,1,0
A110P:V112*:T113R:Y114M:E115R:N116T:G117V:T118H:L119*:Y120T:N121T:R122A:V123L:T124P:V125*:K126R:G127A:T128L:G129V:F130S:K131S:S132Q:N133T:G134A:N135T:I136S:L137W:M139C:R140A:V141F:L142C:Y143T:H144T:S145R:P146H:H148T:A149Q:V150S:Y151I:I152S:L153C:P154L:D155T:R156A:K157R:N158M:G159V:G160A:L161*:K162R:I163L:E164S:Y165I:N166T:K167R:A168P:F169L:D170T:V171Y:L172W:G173A:G174A:G175V:H176T:Q177R:M178W:A179P:R180V:H181T:A182P:Q183S:F184S:N185T:K186S:G189A:A190H:W191G:E192R:E193K:D194I:Y195T:P197L:Y198T:H199T:H200T:L201*:T202Q:V203C:W204G:T205L:S206A:F207S:G208A:D210T:D212M:D213T:D214T:E215R:T216Q:D217I:H218T:T220R:I221S:V222S:E223R:V224S:I225L:K226R:A227P:V228*:D229T:L230W:E231K:T232R:Y233T:R234A,29.15,1,2246.578347,0,TRUE,116,0
P187L,30.74,1,946.8106713,0,FALSE,1,0
K111*:F184S,30.46,1,3006.07936,0,FALSE,2,0
Q105S:Y106T:D107T:V108*:A110P:V112*:T113R:Y114M:E115R:N116T:G117V:T118H:L119Y:Y120T:N121T:R122A:V123L:T124P:V125W:K126G:G127T:T128G:G129F:F130K:K131S:S132N:N133G:G134N:N135I:I136L:L137G:G138M:M139R:R140V:V141L:L142Y:Y143H:H144S:S145P:P147H:H148A:A149V:V150Y:Y151I:I152L:L153P:P154D:D155R:R156K:K157N:N158G:G160L:L161K:K162I:I163E:E164Y:Y165N:N166K:K167A:A168F:F169D:D170V:V171L:L172G:G175H:H176Q:Q177M:M178A:A179R:R180H:H181A:A182Q:Q183F:F184N:N185K:K186P:P187L:L188G:G189A:A190W:W191E:E193D:D194Y:Y195P:P197Y:Y198H:H200L:L201T:T202V:V203W:W204T:T205S:S206F:F207G:G208K:K209D:D210P:P211D:D214E:E215T:T216D:D217H:H218L:L219T:T220I:I221V:V222E:E223V:V224I:I225K:K226A:A227V:V228D:D229L:L230E:E231T:T232Y:Y233R:R234*,30.12,1,3113.920767,0,TRUE,119,0
A60T:N133K,453.87,1,3742.920878,0,FALSE,2,0
E11*:K162E:T202S,26.25,1,1825.394567,0,FALSE,3,0
K8N:N133I:D217G,30.58,1,1488.160122,0,FALSE,3,0
E25K:I163V:V224D,38.52,1,3069.658152,0,FALSE,3,0
A168V,960.71,1,4986.679446,0,FALSE,1,0
W59*:K167Q,36.62,1,4319.01087,0,FALSE,2,0
G160V:L172M,242.35,1,4334.122295,0,FALSE,2,0
W59*:Q183L,55.38,1,3502.234206,0,FALSE,2,0
K226E,5089.79,4,2088.185795,30.2,FALSE,1,0.014462315
E21G:K131*,196.06,1,267.1177345,0,FALSE,2,0
E21V:L153S,847.5,1,356.0318246,0,FALSE,2,0
wt_ctrl_cgre_wt,15083.74,1,4400.363032,0,FALSE,1,0
I17N:N102D:F130I:G175S,34.55,1,4051.141481,0,FALSE,4,0
H181Y,8960.15,3,197.6809316,2.89,FALSE,1,0.014619518
R78A:H79T:I80L:A81R:D82T:F83S:F84S:K85S:S86P:T87P:Q88N:D90M:G91A:Y92T:S93V:Q94R:D95T:R96A:I97S:I98S:S99R:F100S:D101T:N102M:D103T:G104A:Q105S:Y106T:D107T:V108*:A110P:V112*:T113R:Y114M:E115R:N116T:G117V:T118H:L119Y:Y120T:N121T:R122A:V123L:T124P:V125*:K126R:G127A:T128L:G129V:F130S:K131S:S132Q:N133T:G134A:N135T:I136S:L137W:M139C:R140A:V141F:L142C:Y143T:H144T:S145R:P146H:H148T:A149Q:V150S:Y151I:I152S:L153C:P154L:D155T:R156A:K157R:N158M:G159V:G160A:L161*:K162R:I163L:E164S:Y165I:N166T:K167R:A168P:F169L:D170T:V171Y:L172W:G173A:G174A:G175V:H176T:Q177R:M178W:A179P:R180V:H181T:A182P:Q183S:F184S:N185T:K186S:G189A:A190H:W191G:E192R:E193K:D194I:Y195T:P197L:Y198T:H199T:H200T:L201*:T202Q:V203C:W204G:T205L:S206A:F207S:G208A:D210T:P211L:D212M:D213T:D214T:E215R:T216Q:D217T:H218T:T220R:I221S:V222S:E223R:V224S:I225L:K226R:A227P:V228*:D229T:L230W:E231*:T232R:Y233T:R234A,102.1,1,4010.220542,0,TRUE,147,0
D101N:V108A,26.56,1,3857.354712,0,FALSE,2,0
M139V:V141A,50.19,1,271.1028802,0,FALSE,2,0
Y106*:K186R:Y198N:G208S,27.51,1,3275.439477,0,FALSE,4,0
T36S:P187S:V228A,25.42,1,706.687858,0,FALSE,3,0
E25G:R180V:H181T:A182P:Q183S:F184S:N185T:K186S:G189A:A190H:W191G:E192R:E193K:D194I:Y195T:P197L:Y198T:H199T:H200T:L201*:T202Q:V203C:W204G:T205L:S206A:F207S:G208A:D210T:D212M:D213T:D214T:E215R:T216Q:D217I:H218T:T220R:I221S:V222S:E223R:V224T:I225L:K226R:A227P:V228*:D229T:L230W:E231K:T232R:Y233T:R234A,30.06,1,4758.534628,0,TRUE,50,0
T113S:H144L,1394.61,1,4349.947222,0,FALSE,2,0
F184L:V203L:D229N,65.77,1,2302.64842,0,FALSE,3,0
K45*:T52P:G53A:D54T:L55C:V57C:W59G:A60L:T61P:I62P:L63C:S64H:S65P:L66C:S67R:Y68T:G69A:V70C:C72A:F73S:A74*:K75I:Y76P:R78P:I80C:A81G:D82L:F83L:F84Q:K85V:S86H:T87P:Q88T:P89R:D90W:G91L:Y92Q:Q94G:D95P:R96H:I97H:I98L:S99V:F100R:D101Q:N102*:D103R:G104P:Q105V:Y106R:D107R:V108E:K109S:A110Q:K111S:V112D:T113V:Y114*:N116R:G117Y:L119I:Y120Q:N121P:V123Y:T124R:V125E:K126G:G127H:T128W:G129F:F130Q:K131V:S132K:N133R:G134Q:N135H:I136P:L137G:G138D:M139A:V141F:L142V:Y143P:H144L:S145A:P146T:H148R:A149S:V150L:I152L:L153A:P154*:D155P:R156Q:K157E:N158W:G159W:G160L:L161K:K162D:I163*:E164V:Y165*:N166Q:K167G:A168L:F169*:D170R:V171T:L172G:G173R:G174R:G175S:H176P:Q177D:M178G:A179P:R180S:H181R:A182P:Q183V:F184Q:N185Q:K186A:L188W:G189R:A190M:W191G:E192G:E193R:D194L:Y195P:P197L:Y198P:H199P:H200P:L201D:T202S:W204D:T205*:S206L:F207R:G208Q:K209R:D210P:P211R:D212*:D213R:D214R:E215D:T216R:D217S:H218P:L219Y:T220D:I221R:V222R:E223G:V224H:I225*:K226G:A227R:V228R:D229L:L230G:E231N:T232V:Y233P:R234L,37.42,1,2161.968465,0,TRUE,169,0
I17N:G22A:D23T:V24*:E25R:G26A:M27*:K28S:F29S:I30S:I31L:K32R:G33A:V34L:G35A:T36L:G37A:D38M:A39P:T40P:T41R:G42A:T43P:I44S:K45R:A46R:K47S:Y48T:I49S:C50A:T51P:T52P:G53A:D54T:L55C:V57C:W59G:A60L:T61P:I62S:L63C:S64H:S65P:L66C:S67R:Y68T:G69A:V70C:C72A:F73S:A74Q:K75I:Y76P:R78P:I80R:A81G:D82L:F83L:F84Q:K85V:S86H:T87P:Q88T:P89R:D90W:G91L:Y92Q:Q94G:D95P:R96H:I97H:I98L:S99V:F100R:D101Q:N102*:D103R:G104P:Q105V:Y106R:D107R:V108E:K109G:A110Q:K111S:V112D:T113V:Y114*:N116R:G117Y:L119I:Y120Q:N121P:V123Y:T124R:V125E:K126G:G127H:T128W:G129F:F130Q:K131V:S132K:N133R:G134Q:N135H:I136P:L137G:G138D:M139A:V141F:L142V:Y143P:H144L:S145A:P146T:H148R:A149S:V150L:I152L:L153A:P154*:D155P:R156Q:K157E:N158W:G159W:G160L:L161K:K162D:I163*:E164V:Y165*:N166Q:K167G:A168L:F169*:D170R:V171T:L172G:G173R:G174R:G175S:H176P:Q177D:M178G:A179P:R180S:H181R:A182P:Q183V:F184Q:N185Q:K186A:L188W:G189R:A190M:W191G:E192G:E193R:D194L:Y195P:P197L:Y198P:H199P:H200P:L201D:T202S:W204D:T205*:S206L:F207R:G208Q:K209R:D210P:P211R:D212*:D213R:D214R:E215D:T216R:D217S:H218P:L219Y:T220D:I221R:V222R:E223G:V224H:I225*:K226G:A227R:V228R:D229L:L230G:E231N:T232V:Y233P:R234L,68.84,1,4010.150473,0,TRUE,199,0
P146L:A179T:H181Q,499.32,1,354.6546217,0,FALSE,3,0
Y195N,57.36,1,2580.53015,0,FALSE,1,0
V34D:D214N,440.07,1,4239.489671,0,FALSE,2,0
K28*:T40A:S99P,98.18,1,4143.636506,0,FALSE,3,0
K109T:K209R,53.07,1,4385.675358,0,FALSE,2,0
I97V:R180L,78.95,1,2419.365123,0,FALSE,2,0
D101G:H176R,114.84,1,357.2361379,0,FALSE,2,0
V34I:T52A:D90V:T128S,192.55,1,4332.219555,0,FALSE,4,0
V222D,803.17,2,4270.822317,6.52,FALSE,1,0.001526638
wt_ctrl_cgre2880,5160.96,1,4430.338385,0,FALSE,1,0
K28E:K111R:I136V:E164V:V228A,226.02,1,387.2407559,0,FALSE,5,0
D229G,516.78,1,4102.163885,0,FALSE,1,0
D38N:D101G,109.32,1,2372.886147,0,FALSE,2,0
T36A:D107V:E115G:I136V,73.72,1,2661.281363,0,FALSE,4,0
wt_ctrl_cgre1414,1799.16,1,4252.384227,0,FALSE,1,0
K32M:T40I:D213N,32.62,1,3365.467222,0,FALSE,3,0
G22S:K109E,83.71,1,2258.525518,0,FALSE,2,0
A81V:N158Y,736.81,1,4240.637537,0,FALSE,2,0
Y165H,196.29,2,470.2566371,46.9,FALSE,1,0.099732776
R78A:H79T:I80L:A81R:D82T:F83S:F84S:K85S:S86P:T87P:Q88N:D90M:G91A:Y92T:S93V:Q94R:D95T:R96A:I97S:I98S:S99R:F100S:D101T:N102M:D103T:G104A:Q105S:Y106T:D107T:V108*:A110P:V112*:T113R:Y114M:E115R:N116T:G117V:T118H:L119Y:Y120T:N121T:R122A:V123L:T124P:V125*:K126R:G127A:T128L:G129V:F130S:K131S:S132Q:N133T:G134A:N135T:I136S:L137R:M139C:R140A:V141F:L142C:Y143T:H144T:S145R:P146H:H148T:A149Q:V150P:Y151I:I152S:L153C:P154L:D155T:R156A:K157R:N158M:G159V:G160A:L161*:K162R:I163L:E164S:Y165I:N166T:K167R:A168P:F169L:D170T:V171Y:L172W:G173A:G174A:G175V:H176T:Q177R:M178W:A179P:R180V:H181T:A182P:Q183S:F184S:N185T:K186S:G189A:A190H:W191G:E192R:E193K:D194I:Y195T:P197L:Y198T:H199T:H200T:L201*:T202Q:V203C:W204G:T205L:S206A:F207S:G208A:D210T:D212M:D213T:D214T:E215R:T216Q:D217I:H218T:T220R:I221S:V222S:E223R:V224S:I225L:K226R:A227P:V228*:D229T:L230W:E231K:T232R:Y233T:R234A,27,1,5132.244484,0,TRUE,146,0
I17N:D23N,33.2,1,4545.558262,0,FALSE,2,0
K126N:E192V,36.29,1,4543.156761,0,FALSE,2,0
F84Y:M139K,32.35,1,4470.213064,0,FALSE,2,0
T113S:G129S:V222I,33.03,1,4166,0,FALSE,3,0
T113R:V171I,82.19,1,4547.589686,0,FALSE,2,0
T220R,52.34,1,4864.77481,0,FALSE,1,0
D101V,939.48,3,4238.163379,57.71,FALSE,1,0.013616747
T87A:Y114F,51.17,1,4420.634644,0,FALSE,2,0
T113R:L142S:E193G,178.27,1,4563.199638,0,FALSE,3,0
N102D:Q105H:T118A,170.71,1,4495.322334,0,FALSE,3,0
L3P:K12I,34.3,1,4577.162041,0,FALSE,2,0
G26D:A81V,36.51,1,4472.465908,0,FALSE,2,0
G159S:F184Y:R234C,286.08,1,4110.04226,0,FALSE,3,0
P147S:F169L,159.72,1,3888.015744,0,FALSE,2,0
K109N,1480.26,2,4412.751829,22.01,FALSE,1,0.004987817
C50S:S99T,1998.2,1,4388.751565,0,FALSE,2,0
V141A:L172P,327.27,1,359.3097031,0,FALSE,2,0
W191R,821.83,3,3921.843889,39.32,FALSE,1,0.010025896
H218R,205.6,1,3799.84527,0,FALSE,1,0
D54V:V123A,1282.18,1,4476.316878,0,FALSE,2,0
P4L:P56A,896.54,1,4068.414432,0,FALSE,2,0
E193K,398.13,1,4554.009352,0,FALSE,1,0
D90G,876.35,2,4535.177768,0.98,FALSE,1,0.000216089
E21G:V125M,43.5,1,4160.513552,0,FALSE,2,0
K45E:N116S:D213E,349.33,1,3908.264562,0,FALSE,3,0
L9M:V125L,278.96,1,4547.623955,0,FALSE,2,0
S145T,1307.27,1,4624.125067,0,FALSE,1,0
A81V:I97F:S132A:R234C,358.3,1,3720.535916,0,FALSE,4,0
C50S:I97F,385.65,1,3666.105064,0,FALSE,2,0
M139V:K157N,933.18,1,4114.078309,0,FALSE,2,0
D95A:K111I:Y165C,129.45,1,623.6885453,0,FALSE,3,0
K111I:E192K,1277.55,1,4473.893482,0,FALSE,2,0
T41A:P146Q,358.65,1,3917.284589,0,FALSE,2,0
M27K:E115D:L201M,830.44,1,4241.838746,0,FALSE,3,0
V34A:R78H:I221V,1186.6,1,4448.448194,0,FALSE,3,0
K32N:D214E,1123.8,1,4506.813184,0,FALSE,2,0
K8R:Q183L,1428.84,1,1993.161441,0,FALSE,2,0
S93C:D214E,1024.32,1,4614.142247,0,FALSE,2,0
Q88L,1981.76,1,4504.041754,0,FALSE,1,0
P211L,2020.16,3,4365.382218,78,FALSE,1,0.017867851
I62V:H176P,790.23,1,3981.624492,0,FALSE,2,0
N185V:D217Y,635.67,1,1217.522785,0,FALSE,2,0
T113K,610.63,1,4577.056347,0,FALSE,1,0
D95N:F207S,1214.99,1,4182.497344,0,FALSE,2,0
L137Q,1667.91,4,3776.709371,71.42,FALSE,1,0.018910642
I44V:P56S,111.55,1,3445.059786,0,FALSE,2,0
P89H:L230V,404.97,1,3827.23994,0,FALSE,2,0
I17N:A190V,745.39,1,4290.719009,0,FALSE,2,0
K28E:S67T,396.92,1,4367.504554,0,FALSE,2,0
H79R:R140S,479.25,1,3877.527159,0,FALSE,2,0
D213V,1403.35,2,4331.776518,92.9,FALSE,1,0.021446166
T52P,668.83,2,4140.506481,108.1,FALSE,1,0.026107917
S93N:N185S,500.92,1,3543.328572,0,FALSE,2,0
L3H:I49N,275.12,1,4131.405928,0,FALSE,2,0
K131M:H144Q,1444.3,1,4557.96884,0,FALSE,2,0
V34D:L66M,415.28,1,4433.513144,0,FALSE,2,0
K32E,600.42,2,4385.476191,17.15,FALSE,1,0.003910636
A7V:D229G,726.37,1,4309.691586,0,FALSE,2,0
F73I,1216.13,2,3542.245835,19.8,FALSE,1,0.005589674
L9P:F71L,973.84,1,3199.722034,0,FALSE,2,0
K186N,956.26,2,4245.073687,19.88,FALSE,1,0.004683075
T113A:E193G,264.55,1,4389.447298,0,FALSE,2,0
F100L,1065.6,4,3063.14748,55.41,FALSE,1,0.018089237
H79L:K131E,291.33,1,3811.962321,0,FALSE,2,0
Y16F:Q105K,980.35,1,4105.073143,0,FALSE,2,0
A74S,195.67,1,4189.987429,0,FALSE,1,0
K47R:L153M,388.96,1,3246.799591,0,FALSE,2,0
T118A:T205S,1076.9,1,4242.530437,0,FALSE,2,0
T220S,569.97,1,4480.69356,0,FALSE,1,0
N133D:G160C:G173D:M178I,461.35,1,4374.925855,0,FALSE,4,0
E5G:T128I:D170G:T232M,250.12,1,3992.724394,0,FALSE,4,0
I136T:F184L,1466.43,1,4022.719745,0,FALSE,2,0
V70M:E215A,495.95,1,3044.9284,0,FALSE,2,0
I30L:R78H,1081.85,1,4455.296251,0,FALSE,2,0
C50R:E215K,119.65,1,2023.185836,0,FALSE,2,0
S99L:H200L:L230S,548.79,1,1161.271264,0,FALSE,3,0
W191L:F207I,301.4,1,3993.731176,0,FALSE,2,0
Y16N,787.95,5,3717.669972,345.57,FALSE,1,0.092953383
A46T:N102K:F184S,77.31,1,2980.604763,0,FALSE,3,0
Y114C:K162R,467.03,1,4476.701025,0,FALSE,2,0
T2S:P197T,1017.97,1,4546.268946,0,FALSE,2,0
I44V:Q177L:K226R,749.86,1,3871.626591,0,FALSE,3,0
Y16H,1404.89,3,3962.640743,48.91,FALSE,1,0.012342779
E5G:E11D:T124A:D155V:E193G,598.46,1,3583.008705,0,FALSE,5,0
R140C:P197S:S206N,221.08,1,3319.022273,0,FALSE,3,0
P15L,2765.6,3,4384.338864,30.72,FALSE,1,0.007006758
V70A:Y114H:P197S,1370.9,1,2109.132579,0,FALSE,3,0
T18S:W204R,451.18,1,3408.406111,0,FALSE,2,0
T36I:F184L,1549.29,1,4420.241402,0,FALSE,2,0
L9P:I163V,1006.14,1,4419.983889,0,FALSE,2,0
I14V:F169L,685.6,1,4418.128953,0,FALSE,2,0
N166Y,1597.73,2,4089.588444,3.91,FALSE,1,0.000956086
A190T:R234L,2045.27,1,4089.587755,0,FALSE,2,0
E5D:M27T:K45R:T51I:K111E,510.35,1,3980.306132,0,FALSE,5,0
E19D:I62F:S132P,636.12,1,2586.914986,0,FALSE,3,0
T118R,1494.34,1,4602.714524,0,FALSE,1,0
S86T:H144Q:H181Y,478.39,1,348.1516751,0,FALSE,3,0
S67T:E215D,341.37,1,1984.716215,0,FALSE,2,0
I30T:K126E:F169L,380.54,1,4421.59674,0,FALSE,3,0
D101E:I152V,624.5,1,4321.772133,0,FALSE,2,0
I80V,1052.76,2,4545.909096,0.5,FALSE,1,0.000109989
T18A,3934.31,2,4774.994605,27.83,FALSE,1,0.005828279
L3H:T43S:L55M:F184I,432.97,1,4236.894264,0,FALSE,4,0
M27L:S132T,259.95,1,4242.60783,0,FALSE,2,0
E115G:K209R,106.1,1,4078.64373,0,FALSE,2,0
A7V:G129C,30.49,1,4357.093839,0,FALSE,2,0
L66M,1201.74,1,4710.104434,0,FALSE,1,0
T2I:E193V,730.41,1,4626.146602,0,FALSE,2,0
I225F,223.47,1,3636.720313,0,FALSE,1,0
K32M:T52S,340.04,1,4356.064434,0,FALSE,2,0
T41M:K111R,513.51,1,4348.331151,0,FALSE,2,0
T113S,1789.28,2,4435.961218,5.2,FALSE,1,0.001172237
A7T:I49M:I97T,465,1,4368.906901,0,FALSE,3,0
Y48F,1308.84,2,4441.199383,37.62,FALSE,1,0.008470685
G53C:A149S:I152V,93.66,1,3539.177169,0,FALSE,3,0
N158I:V171I,147.74,1,4256.745791,0,FALSE,2,0
H79R:A190T,140.69,1,4497.353506,0,FALSE,2,0
K32M:T41S:F207I,314.67,1,4091.379975,0,FALSE,3,0
I49N:R78C:A149T:A190V:E215V,461.77,1,4256.533822,0,FALSE,5,0
M27V:T51A:F184L,176.4,1,4234.995158,0,FALSE,3,0
R78H,2101.25,2,4452.613811,20.31,FALSE,1,0.004561366
K157M:G208C,205.91,1,4295.848557,0,FALSE,2,0
L63V,390.17,1,4278.501745,0,FALSE,1,0
G6D:L172Q:F207Y,411.43,1,1217.706603,0,FALSE,3,0
K47R:G173S,99.26,1,2743.125999,0,FALSE,2,0
G35A,137.62,1,2001.574388,0,FALSE,1,0
D23N,795.9,1,4656.60399,0,FALSE,1,0
D103E,727.89,1,4462.706915,0,FALSE,1,0
K162R:A227V,454.03,1,4301.155465,0,FALSE,2,0
R234P,468.06,1,1928.080084,0,FALSE,1,0
I80L,988.64,1,4451.856496,0,FALSE,1,0
A81V:N133I:F207S,74.59,1,3272.532575,0,FALSE,3,0
T61A,1546.43,2,745.6850633,18.54,FALSE,1,0.024863043
T124S,2122.74,3,4561.566193,32.99,FALSE,1,0.007232165
M178V,1642.16,3,4261.866219,51.99,FALSE,1,0.012198881
L201V:V222I,593.48,1,4554.366449,0,FALSE,2,0
K8R:M27V:D107V:V123I,945.35,1,3925.200449,0,FALSE,4,0
E5G:K75I:E215G,155,1,4169.94718,0,FALSE,3,0
F10Y:V34I,692.52,1,4213.293045,0,FALSE,2,0
F71V,4862.75,2,1931.553202,0.73,FALSE,1,0.000377934
N166T,2112.55,2,4392.798985,19.31,FALSE,1,0.004395831
E5V:N133S:H144Y,176.73,1,4307.859461,0,FALSE,3,0
T36I:K109N,657.12,1,4277.252632,0,FALSE,2,0
D23N:V34I:A179V,528.77,1,3398.854836,0,FALSE,3,0
D103G:G134D,698.76,1,3291.42108,0,FALSE,2,0
G26D:A46V,406.28,1,2530.89586,0,FALSE,2,0
W191C,554.04,2,4006.944259,32.12,FALSE,1,0.008016084
Q105K:V222I,212.63,1,4310.738246,0,FALSE,2,0
L3P:A39P:Q88L:L201M,352.14,1,2735.051692,0,FALSE,4,0
K126E:P147S,300.19,1,3967.68845,0,FALSE,2,0
K45R:N102Y,420.99,1,4329.804619,0,FALSE,2,0
S206G:R234S,879.04,1,4112.612328,0,FALSE,2,0
K47E,357.99,3,3693.522375,206.6,FALSE,1,0.055935765
V224F,259.44,1,4299.171369,0,FALSE,1,0
E13V:K32R:I136L:K209I,566.77,1,1718.668837,0,FALSE,4,0
L172M,3658.58,3,4480.567855,51.57,FALSE,1,0.011509702
K109R:T216I:T232A,676.88,1,3905.949489,0,FALSE,3,0
G42A:M139R,485.82,1,3995.381054,0,FALSE,2,0
N135S,2570.69,3,4351.335876,24.6,FALSE,1,0.005653436
K8Q,563.9,1,4498.379099,0,FALSE,1,0
T18S:A168V:G174S,405.38,1,4447.021938,0,FALSE,3,0
P58S:E115K,153.78,1,2937.377994,0,FALSE,2,0
L66V:G117S,33.31,1,4280.75364,0,FALSE,2,0
D210G,686.51,1,4107.001497,0,FALSE,1,0
F10L:L137R,189.66,1,2194.86712,0,FALSE,2,0
N102D:L119Q,304.44,1,4050.517768,0,FALSE,2,0
V125L,624.91,2,4707.773203,79.71,FALSE,1,0.016931572
Y198H,4468.61,4,2260.657199,46.75,FALSE,1,0.020679827
E5K:I30V:Y120H:A179V,802.6,1,2025.912703,0,FALSE,4,0
N158I,2480.89,2,4408.555749,33.89,FALSE,1,0.007687325
V150A:T220A,129.04,1,3941.877905,0,FALSE,2,0
T216K,243.7,1,4507.117287,0,FALSE,1,0
I30V:K162R,766.15,1,4511.399213,0,FALSE,2,0
A7V:V150I,546.37,1,4365.256566,0,FALSE,2,0
S99T:D107V:I136V,441.33,1,4568.78822,0,FALSE,3,0
T40S:N121H:V222A,695.03,1,4186.685799,0,FALSE,3,0
I30F:A46T:S206G:D214N,258.9,1,3478.913045,0,FALSE,4,0
S99T:P146L:E192K,487.35,1,3754.951701,0,FALSE,3,0
T36I:S86F:L161I:M178V,52.21,1,2343.299607,0,FALSE,4,0
G134C:H176L:W204R,186.62,1,4267.496521,0,FALSE,3,0
V34I:N102D,344.77,1,4854.754043,0,FALSE,2,0
K111N:A182G,339.76,1,4248.384815,0,FALSE,2,0
T61S:N121H,1019.02,1,4403.392466,0,FALSE,2,0
K75R:Q105K,509.38,1,4313.889452,0,FALSE,2,0
D107N:V228L,531.31,1,4217.67022,0,FALSE,2,0
F29L,578.65,1,3536.226705,0,FALSE,1,0
E11G:H200L,122.34,1,3580.456964,0,FALSE,2,0
E164V,343.57,2,4323.423131,52.57,FALSE,1,0.012159347
G127V,58.32,1,3894.466289,0,FALSE,1,0
P77S,618.25,2,3779.703877,93.32,FALSE,1,0.024689765
K109E:T118I:H144L,155.3,1,3711.599175,0,FALSE,3,0
A7T:K131M,81.18,1,4454.939425,0,FALSE,2,0
A182T:F184S,692.26,1,4368.614979,0,FALSE,2,0
L63M:H79N,301.22,1,3837.944989,0,FALSE,2,0
E5D:D214G,548.56,1,4410.600897,0,FALSE,2,0
N116K:G174S,695.52,1,4223.829671,0,FALSE,2,0
R140L,751.48,1,4219.505382,0,FALSE,1,0
K45*:G173R,249.08,1,4253.244065,0,FALSE,2,0
Q105L:L172P,175.65,1,4135.081851,0,FALSE,2,0
S86A,656.66,1,4595.515559,0,FALSE,1,0
C50S:R122H,89.81,1,3513.490005,0,FALSE,2,0
K75Q,337.81,1,4544.613862,0,FALSE,1,0
S86T:S93C:I152V:W204R,548.45,1,3509.679546,0,FALSE,4,0
G6D:F184L,202.86,1,4246.567513,0,FALSE,2,0
T40S:S99T:K131R:P147L,353.8,1,2636.868547,0,FALSE,4,0
V57M:G117C,60.45,1,3487.189608,0,FALSE,2,0
P56R:K157M,639.96,1,4077.774732,0,FALSE,2,0
E11D:T40S:G53C:Q105H:H218N,86.44,1,1608.580723,0,FALSE,5,0
T128S:T202A,674.78,1,1949.759265,0,FALSE,2,0
E13V:T124A,358.91,1,4363.79929,0,FALSE,2,0
F130Y,213.88,3,3189.399056,329.22,FALSE,1,0.103223207
N121H,5919.82,2,4540.68369,9.26,FALSE,1,0.00203934
F84Y:N116S:G208S,126.77,1,4274.113467,0,FALSE,3,0
E21A:K111N:L142S,175.06,1,4316.362215,0,FALSE,3,0
K12E:G138R,36.59,1,4340.769005,0,FALSE,2,0
K28N:A179V,552.34,1,3274.676698,0,FALSE,2,0
D38N:T43A:D54V:N102K,169.01,1,4188.446391,0,FALSE,4,0
L201V,471.28,1,4662.026366,0,FALSE,1,0
Y143N,347.53,1,4340.112512,0,FALSE,1,0
K111R:L188F,408.3,1,4405.469246,0,FALSE,2,0
K109N:G208V,580.35,1,4022.804431,0,FALSE,2,0
I49V:D90G:L142M,156.84,1,4569.772477,0,FALSE,3,0
G127C,523.06,1,4311.984877,0,FALSE,1,0
R156H:Q183H,162.22,1,2466.597973,0,FALSE,2,0
E21D:K209T:D217V,81.59,1,3207.545026,0,FALSE,3,0
N166I:H176R:V203L,445.37,1,3614.987882,0,FALSE,3,0
K45N,469.42,1,4518.862085,0,FALSE,1,0
C50S:T232S,824.53,1,4322.472979,0,FALSE,2,0
D90E,1990.66,1,4501.322558,0,FALSE,1,0
L3P:F130Y,47.06,1,2933.815169,0,FALSE,2,0
I80N,35.7,1,2649.562923,0,FALSE,1,0
D217E:L219H,535.07,1,1679.185233,0,FALSE,2,0
T43A:R180H,36.18,1,3342.759037,0,FALSE,2,0
S93N:V171L,1410.98,1,4403.655275,0,FALSE,2,0
T36S:F169V,349.31,1,1892.202923,0,FALSE,2,0
L3F:L230M,275.34,1,3991.834139,0,FALSE,2,0
K8R:L201M,725.96,1,4333.764826,0,FALSE,2,0
G129C,1009.03,3,4336.175499,39.7,FALSE,1,0.009155533
L63M:Y92F,352.89,1,2109.514237,0,FALSE,2,0
D54Y:R180S,505.02,1,3893.4186,0,FALSE,2,0
P77T:D212Y,84.6,1,3246.333605,0,FALSE,2,0
S145L,1575.2,2,2575.803022,26.52,FALSE,1,0.010295818
K8E:M27V:T124I:Q177H,52.01,1,2007.32426,0,FALSE,4,0
D38E:I97T:S145T,424.53,1,4543.804262,0,FALSE,3,0
E25V:I62F,341.91,1,1676.175011,0,FALSE,2,0
P15S:K47M,40.38,1,2864.694804,0,FALSE,2,0
C50R:K186M,73.78,1,1385.186504,0,FALSE,2,0
D82A,31.53,1,3351.652096,0,FALSE,1,0
K85M,34.57,1,868.1833899,0,FALSE,1,0
G117C:Q177E,34.33,1,1678.476832,0,FALSE,2,0
E21G:K45M:N102Y,112.58,1,2302.153697,0,FALSE,3,0
Y48N:T220M,27.98,1,2953.038759,0,FALSE,2,0
P77S:A227V,27,1,743.8943216,0,FALSE,2,0
E13G:E115G:L161I,43.1,1,2857.336938,0,FALSE,3,0
L63M:Y92H:A149T,421.8,1,719.6540114,0,FALSE,3,0
K167T:Q177L:L188H,51.43,1,895.9852893,0,FALSE,3,0
V24I:K85R,33.61,1,1219.462972,0,FALSE,2,0
V57M:V125A,81.06,1,1839.512318,0,FALSE,2,0
K32R:G33A:V34L:G35A:T36L:G37A:D38M:A39P:T40P:T41R:G42A:T43P:I44S:K45R:A46R:K47S:Y48T:I49S:C50A:T51P:T52P:G53A:D54T:L55C:V57C:W59G:A60L:T61P:I62S:L63C:S64H:S65P:L66C:S67R:Y68T:G69A:V70C:C72A:F73S:A74L:K75N:Y76T:R78A:H79T:I80L:A81R:D82T:F83S:F84S:K85S:S86P:T87P:Q88N:D90M:G91A:Y92T:S93V:Q94R:D95T:R96A:I97S:I98S:S99R:F100S:D101T:N102M:D103T:G104A:Q105S:Y106T:D107T:V108*:A110P:V112*:T113R:Y114M:E115R:N116T:G117V:T118H:L119Y:Y120T:N121T:R122A:V123L:T124P:V125*:K126R:G127A:T128L:G129V:F130S:K131S:S132Q:N133T:G134A:N135T:I136S:L137W:M139C:R140A:V141F:L142C:Y143T:H144T:S145R:P146H:H148T:A149Q:V150S:Y151I:I152S:L153C:P154L:D155T:R156A:K157R:N158M:G159V:G160A:L161*:K162R:I163L:E164S:Y165I:N166T:K167R:A168P:F169L:D170T:V171Y:L172W:G173A:G174A:G175V:H176T:Q177R:M178W:A179P:R180V:H181T:A182P:Q183S:F184S:N185T:K186C:G189A:A190H:W191G:E192R:E193K:D194I:Y195T:P197L:Y198T:H199T:H200T:L201*:T202Q:V203C:W204G:T205L:S206A:F207S:G208A:D210T:D212M:D213T:D214T:E215R:T216Q:D217I:H218T:T220R:I221S:V222S:E223R:V224S:I225L:K226R:A227P:V228*:D229T:L230W:E231K:T232R:Y233T:R234A,59.34,1,3976.734288,0,TRUE,188,0
D155G:G159C,28.44,1,2712.140264,0,FALSE,2,0
D23G:Y151C,123.14,1,1400.693434,0,FALSE,2,0
K45R:N102D:V150I:M178K,245.08,1,872.4313755,0,FALSE,4,0
S93G:Q183L,63.66,1,714.3320628,0,FALSE,2,0
I136N,927.44,1,1128.252231,0,FALSE,1,0
G33D:K75*,37.55,1,4258.850059,0,FALSE,2,0
R122H:I136V:R180H,66.27,1,3652.931239,0,FALSE,3,0
K47R:D95Y,30.01,1,3085.915589,0,FALSE,2,0
G6S:K131R:S145P,26.89,1,1165.642201,0,FALSE,3,0
G6C:K8E:C72Y,28.1,1,4664.567317,0,FALSE,3,0
T51A:G138E:N185D,34.8,1,1365.26722,0,FALSE,3,0
T41P:T51I:F71L,57.32,1,793.7077422,0,FALSE,3,0
T51A:K111N:T113P:G174C:P197L:Y198T:H199T:H200T:L201*:T202Q:V203C:W204G:T205L:S206A:F207S:G208A:D210T:D212M:D213T:D214T:E215R:T216Q:D217I:H218T:T220R:I221S:V222S:E223R:V224S:I225S:K226R:A227P:V228*:D229T:L230W:E231K:T232R:Y233T:R234A,25.18,1,3808.767406,0,TRUE,39,0
L66Q,1045.39,3,773.8769555,50.5,FALSE,1,0.065255852
T40I:F130C,61.56,1,2456.093271,0,FALSE,2,0
F73Y:Q105L:R156L,32.32,1,2982.276364,0,FALSE,3,0
E13R:I14F:Y16I:I17S:T18P:E19S:L20W:E21R:G22A:D23T:V24*:E25R:G26A:M27*:K28S:F29S:I30S:I31L:K32R:G33A:V34L:G35A:T36L:G37A:D38M:A39P:T40P:T41R:G42A:T43P:I44S:K45R:A46R:K47S:Y48T:I49S:C50A:T51P:T52P:G53A:D54T:L55C:V57C:W59G:A60L:T61P:I62S:L63C:S64H:S65P:L66C:S67R:Y68T:G69A:V70C:C72A:F73S:A74L:K75N:Y76T:R78A:H79T:I80L:A81R:D82T:F83S:F84S:K85S:S86P:T87P:Q88N:D90M:G91A:Y92T:S93V:Q94R:D95T:R96A:I97S:I98S:S99R:F100S:D101T:N102M:D103T:G104A:Q105S:Y106T:D107T:V108*:A110P:V112*:T113R:Y114M:E115R:N116T:G117V:T118H:L119Y:Y120T:N121T:R122A:V123L:T124P:V125*:K126R:G127A:T128L:G129V:F130S:K131S:S132Q:N133T:G134A:N135T:I136S:L137W:M139C:R140A:V141F:L142C:Y143T:H144T:S145R:P146H:H148T:A149Q:V150S:Y151I:I152S:L153C:P154L:D155T:R156A:K157R:N158M:G159V:G160A:L161*:K162R:I163L:E164S:Y165I:N166T:K167R:A168P:F169L:D170T:V171Y:L172W:G173A:G174A:G175V:H176T:Q177R:M178W:A179P:R180V:H181T:A182P:Q183S:F184S:N185T:K186S:G189A:A190H:W191G:E192R:E193K:D194I:Y195T:P197L:Y198T:H199T:H200T:L201*:T202Q:V203C:W204G:T205L:S206A:F207S:G208A:D210T:D212M:D213T:D214T:E215R:T216Q:D217I:H218T:T220R:I221S:V222S:E223R:V224S:I225L:K226R:A227P:V228*:D229T:L230W:E231K:T232R:Y233T:R234A,40.71,1,4685.64448,0,TRUE,206,0
E13G:T40I:T216I,34,1,1862.946298,0,FALSE,3,0
E13R:I14F:Y16I:I17S:T18P:E19S:L20W:E21R:G22A:D23T:V24*:E25R:G26A:M27*:K28S:F29S:I30S:I31L:K32R:G33A:V34L:G35A:T36L:G37A:D38M:A39P:T40P:T41R:G42A:T43P:I44S:K45R:A46R:K47S:Y48T:I49S:C50A:T51P:T52P:G53A:D54T:L55C:V57C:W59G:A60L:T61P:I62S:L63C:S64H:S65P:L66C:S67R:Y68T:G69A:V70C:C72A:F73S:A74*:K75I:Y76P:R78P:I80C:A81G:D82L:F83L:F84Q:K85V:S86H:T87P:Q88T:P89Q:D90W:G91L:Y92Q:Q94G:D95P:R96H:I97H:I98L:S99V:F100R:D101Q:N102*:D103R:G104P:Q105V:Y106R:D107R:V108E:K109S:A110Q:K111S:V112D:T113V:Y114*:N116R:G117Y:L119I:Y120Q:N121P:V123Y:T124R:V125E:K126G:G127H:T128W:G129F:F130Q:K131V:S132K:N133R:G134Q:N135H:I136P:L137G:G138D:M139A:V141F:L142V:Y143P:H144L:S145A:P146T:H148R:A149S:V150L:I152L:L153A:P154*:D155P:R156Q:K157E:N158W:G159W:G160L:L161K:K162D:I163*:E164V:Y165*:N166Q:K167G:A168L:F169*:D170R:V171T:L172G:G173R:G174R:G175S:H176P:Q177D:M178G:A179P:R180S:H181R:A182P:Q183V:F184Q:N185Q:K186A:L188W:G189R:A190M:W191G:E192G:E193R:D194L:Y195P:P197L:Y198P:H199P:H200P:L201D:T202S:W204D:T205*:S206L:F207R:G208Q:K209R:D210P:P211R:D212*:D213R:D214R:E215D:T216R:D217S:H218P:L219Y:T220D:I221R:V222R:E223G:V224H:I225*:K226G:A227R:V228R:D229L:L230G:E231N:T232V:Y233P:R234L,31.93,1,4342.710159,0,TRUE,206,0
F10S:S86T,25.72,1,1635.983072,0,FALSE,2,0
P196T,33.37,1,2005.910019,0,FALSE,1,0
S67T:V70L,81.19,1,485.5917478,0,FALSE,2,0
T41M:I225N,32.38,1,2463.529422,0,FALSE,2,0
T52I:I80T,26.24,1,815.9236542,0,FALSE,2,0
D101N:P147A:R156H,77.1,1,2820.156077,0,FALSE,3,0
P4H:L119I:H148T:A149R:V150S:Y151I:I152S:L153C:P154L:D155T:R156A:K157R:N158M:G159V:G160A:L161*:K162R:I163L:E164S:Y165I:N166T:K167R:A168P:F169L:D170T:V171Y:L172W:G173A:G174A:G175V:H176T:Q177R:M178W:A179P:R180V:H181T:A182P:Q183S:F184S:N185T:K186S:G189A:A190H:W191G:E192R:E193K:D194I:Y195T:P197L:Y198T:H199T:H200T:L201*:T202Q:V203C:W204G:T205L:S206A:F207S:G208A:D210T:D212M:D213T:D214T:E215R:T216Q:D217I:H218T:T220R:I221S:V222S:E223R:V224S:I225L:K226R:A227P:V228*:D229T:L230W:E231K:T232R:Y233T:R234A,36.22,1,4453.647479,0,TRUE,83,0
A179S:E231G,264.3,1,3985.408614,0,FALSE,2,0
A74V:T216I,95.24,1,1736.507139,0,FALSE,2,0
S145L:V150I:K209R,149.59,1,638.2266453,0,FALSE,3,0
D23V:D90Y:M139L,164.71,1,4301.697456,0,FALSE,3,0
D23G:H79L:S99T,29.01,1,1998.147473,0,FALSE,3,0
I49N:M139K:K226N,306,1,1469.940512,0,FALSE,3,0
F100I:K126E,26.38,1,3113.335824,0,FALSE,2,0
P89L:D212V,31,1,696.4970461,0,FALSE,2,0
M27L:T87I,58.44,1,2128.882047,0,FALSE,2,0
K75I:V203A,180.69,1,781.7166324,0,FALSE,2,0
A74V:I97F,44.1,1,2353.088493,0,FALSE,2,0
E25Q:V171K:D213Y,47.04,1,856.1624559,0,FALSE,3,0
V70G,150.64,1,543.4033522,0,FALSE,1,0
K47E:F169L:Q177L:M178I,66.6,1,1573.378608,0,FALSE,4,0
Y16H:K32E:D90Y:Y151N,75.01,1,562.1662868,0,FALSE,4,0
N102I:Y114C,105.57,1,2015.744848,0,FALSE,2,0
E115D:R180C,101.06,1,3303.040995,0,FALSE,2,0
V112M:T118A,44.58,1,1705.649902,0,FALSE,2,0
L3F:K47E:K75R:G159C:I163V,31.51,1,2328.275591,0,FALSE,5,0
L20Q,75.2,2,3603.024739,405.12,FALSE,1,0.112438862
T18I:K75I:Q88L,27.68,1,696.23374,0,FALSE,3,0
Q183K,150.65,1,1616.305518,0,FALSE,1,0
A168D,26.37,1,361.4366923,0,FALSE,1,0
P15S:L55Q,34.07,1,3387.443692,0,FALSE,2,0
L201Q,90.18,2,944.1643644,227.66,FALSE,1,0.241123271
S65P,1770.94,3,2255.057945,1759.97,FALSE,1,0.780454446
K186W:G189D,27.05,1,2149.647845,0,FALSE,2,0
H176R:Y233C,32.09,1,365.9325206,0,FALSE,2,0
Q88H:T202A,34.13,1,926.6840551,0,FALSE,2,0
T40A:V203A,217.38,1,574.1292916,0,FALSE,2,0
P56L:D103N:A168V,28.45,1,1571.301867,0,FALSE,3,0
K8*:T61A:K126N:F207S,68.73,1,3628.30177,0,FALSE,4,0
G159C:I221N,54.32,1,1797.040985,0,FALSE,2,0
T18A:T41I:Y92H,29.82,1,1707.451782,0,FALSE,3,0
I17N:K28M:L219F,44.25,1,2392.8309,0,FALSE,3,0
H176Q:Q177H,81.86,1,624.4871405,0,FALSE,2,0
Q177L:G208V:R234H,33.24,1,1377.211552,0,FALSE,3,0
G35A:H176L:D212G,27.46,1,2011.570302,0,FALSE,3,0
K28E:R122H:K209N:R234C,88.68,1,3464.531244,0,FALSE,4,0
L20Q:Y143C,27.54,1,3105.933622,0,FALSE,2,0
T51I:D54V:T61A,45.5,1,352.8080395,0,FALSE,3,0
K12R:T36S:R122S:G134S,37.14,1,351.9169732,0,FALSE,4,0
M27T:T87S:G134C,66.78,1,812.4433891,0,FALSE,3,0
E193D:E223D,89.67,1,396.1211189,0,FALSE,2,0
T43S:K162R:V228E,44.48,1,336.4128172,0,FALSE,3,0
K8E:Q105R:I225T,547.79,1,647.5028462,0,FALSE,3,0
E25D:V123I:W204R,105.34,1,561.3508936,0,FALSE,3,0
E11V:E21G:L230W,113.99,1,1101.56174,0,FALSE,3,0
R180P,80.06,1,2507.489451,0,FALSE,1,0
D54N:Y165H,175.58,1,584.528452,0,FALSE,2,0
K167T:K209I,29.31,1,544.2436355,0,FALSE,2,0
R78L:K162R:K209T:A227V:L230M,86.72,1,362.9507269,0,FALSE,5,0
R140C:H144Y:L230M,50.86,1,931.4996547,0,FALSE,3,0
I30V:E223D,196.74,1,396.7288828,0,FALSE,2,0
S64T:Q105L:T113S,27.68,1,672.1928342,0,FALSE,3,0
S65P:T87A,282.81,1,412.3330424,0,FALSE,2,0
L3P:Y76H,37.19,1,1288.282797,0,FALSE,2,0
N135D:V171E,148.79,1,707.0649999,0,FALSE,2,0
P56T:E192G:T202A,110.11,1,353.8054608,0,FALSE,3,0
E25D:E164G,299.11,1,555.1354375,0,FALSE,2,0
T202S:I225T,582.11,1,616.1378218,0,FALSE,2,0
D90V:H144R:L230K,48.7,1,290.4581227,0,FALSE,3,0
L137M:S145L,529.26,1,581.336312,0,FALSE,2,0
D38N:I44N,155.54,1,418.4556481,0,FALSE,2,0
P56H:Q183L,94.3,1,317.6210379,0,FALSE,2,0
L153S,6910.14,7,323.6161396,6.48,FALSE,1,0.020023723
I30T:Y143H,870.47,1,4651.990989,0,FALSE,2,0
T18A:M178V:E193D:T205S,40.87,1,2784.432658,0,FALSE,4,0
R122H:V171I:A182T:P211H,72.46,1,4136.033752,0,FALSE,4,0
P56H:G138R,42.14,1,2752.753329,0,FALSE,2,0
P56H:E193D,104.11,1,4319.282728,0,FALSE,2,0
M178T,1506.55,2,3822.776095,35.96,FALSE,1,0.009406776
D107N,4793.52,4,4459.488088,71.37,FALSE,1,0.016004079
R78H:S99T:G174D,420.01,1,4466.136812,0,FALSE,3,0
A110G:L137R,1387.04,1,4294.841913,0,FALSE,2,0
A60T,4586.07,4,4004.058483,460.46,FALSE,1,0.11499832
P77A:F207I,78.53,1,3214.758314,0,FALSE,2,0
A149V,551.02,1,4925.630494,0,FALSE,1,0
D82N:D95E,62.83,1,4263.161724,0,FALSE,2,0
G129C:N135S,157.18,1,4081.964382,0,FALSE,2,0
T51I:V141I,244.02,1,4477.8208,0,FALSE,2,0
N116I:T205S,118.98,1,3653.955004,0,FALSE,2,0
K186R:T232A,1117.89,1,4279.866761,0,FALSE,2,0
Y151F,105.37,1,3872.515143,0,FALSE,1,0
K8R:R122H:G175S,269.99,1,4084.380926,0,FALSE,3,0
L3P:V70M:D212G,159.67,1,3105.595376,0,FALSE,3,0
I44V,3535.35,2,3956.691693,83.64,FALSE,1,0.021138872
P211T,1242.8,1,4460.467673,0,FALSE,1,0
A7T:G208D,176.66,1,4497.0138,0,FALSE,2,0
T202R,447.24,1,3248.04641,0,FALSE,1,0
F207I:H218R,254.72,1,3119.01973,0,FALSE,2,0
I49F:L172Q:E192K,594.25,1,4162.107209,0,FALSE,3,0
V24L:N116S,394.73,1,4231.423239,0,FALSE,2,0
Y233C,410.09,2,3134.526639,73.68,FALSE,1,0.023505942
E19V:V123I,390.21,1,4104.96178,0,FALSE,2,0
S93I:H144N,335.66,1,4465.257255,0,FALSE,2,0
D23N:T87N,99.7,1,3785.235913,0,FALSE,2,0
T43I:V112A,167.63,1,3647.982509,0,FALSE,2,0
Y16S,742.9,1,3944.857357,0,FALSE,1,0
K12I:V141I,179.63,1,4411.132293,0,FALSE,2,0
T36S:K157E,574.84,1,4357.412669,0,FALSE,2,0
V150I:E192D:V228A,278.22,1,3433.021876,0,FALSE,3,0
N116S:M139I:N158Y,338.14,1,3324.59357,0,FALSE,3,0
L3F:E13D,296.29,1,4347.2228,0,FALSE,2,0
D101Y:T118I,43.96,1,3326.411584,0,FALSE,2,0
D155N,455.33,1,4254.888578,0,FALSE,1,0
P56L:Y92F,28.53,1,3261.05497,0,FALSE,2,0
T2A:L3P:P4T:I17V:V34E:T40A:K75Q:L161M:D170E:L172M:P197L:D214G,397.01,3,3392.851911,336.61,FALSE,12,0.099211521
K32N:T51I:F100Y,407.68,1,4016.358799,0,FALSE,3,0
G208C,3537.94,3,4345.957594,54.42,FALSE,1,0.012521981
R78H:A81V:N102K,165.59,1,4419.375701,0,FALSE,3,0
N158D:N166D:A168V,503.3,1,3855.523715,0,FALSE,3,0
K75T:Y92F,56.01,1,3059.943571,0,FALSE,2,0
Q105L:G175S:A182V:Y198F:E215D,78.48,1,3160.03722,0,FALSE,5,0
S99A:K109R,559.13,1,4307.284897,0,FALSE,2,0
K45M:Y92F,90.48,1,3558.553026,0,FALSE,2,0
P154T,435.43,1,4147.054323,0,FALSE,1,0
K111I:V123A,521.77,1,3724.007419,0,FALSE,2,0
P77H:S99T,159.84,1,3755.686442,0,FALSE,2,0
V203M,533.49,4,2793.157804,198.03,FALSE,1,0.07089825
L3P:D90N,517.77,1,4393.845266,0,FALSE,2,0
K226M,495.6,2,3509.923329,32.31,FALSE,1,0.009205329
E13K:F130I,31.83,1,3555.907074,0,FALSE,2,0
G26D:F71L:Q177L:D214G,598.17,1,2660.936632,0,FALSE,4,0
T41R,458.58,1,4264.345046,0,FALSE,1,0
V34A:T52I:R78C,116.6,1,3661.542132,0,FALSE,3,0
T87S,627.98,2,4547.240328,9.35,FALSE,1,0.002056192
I80V:F207I,195.71,1,4321.325192,0,FALSE,2,0
D38E:Y165F,629.61,1,4289.605465,0,FALSE,2,0
V24I:K28N:K126E,875.33,1,4204.646896,0,FALSE,3,0
S93R:A179S,185.94,1,4483.677002,0,FALSE,2,0
F10L:F71L,184.58,1,3984.577197,0,FALSE,2,0
I30V:T118A,1123.37,1,4544.234627,0,FALSE,2,0
I225T,5867.49,2,668.9488396,13.84,FALSE,1,0.020689176
P15L:L119I,198.11,1,4549.456032,0,FALSE,2,0
E115V,1258.5,2,4383.593895,46.46,FALSE,1,0.01059861
L153F,582.86,1,4340.349068,0,FALSE,1,0
V57I:L63M:T113M,623.35,1,4015.594975,0,FALSE,3,0
G160C,832.33,1,4377.019459,0,FALSE,1,0
V24I:K32M,943.76,1,4303.224985,0,FALSE,2,0
K226Q,1751.51,2,3979.322343,29.43,FALSE,1,0.007395732
T18A:L230S,900.16,1,2913.918733,0,FALSE,2,0
A81V:T216R,409.73,1,4377.883766,0,FALSE,2,0
I49N:N116D,471.01,1,4219.418335,0,FALSE,2,0
T43I,448.93,1,4337.253013,0,FALSE,1,0
D54N:K226E,606.22,1,2268.021823,0,FALSE,2,0
K12N:K32R:K126N,1939.51,1,4457.515606,0,FALSE,3,0
G159D,2678.67,1,4295.559819,0,FALSE,1,0
E5D:M27V:K209I:V222I:T232M,526.49,1,2065.728484,0,FALSE,5,0
I98T:S145T,193.29,1,1662.84324,0,FALSE,2,0
E19V:A74V:E192K,146.99,1,3659.642962,0,FALSE,3,0
V125M:E192D,1065.49,1,4361.147024,0,FALSE,2,0
K28R:E193V,1432.12,1,4539.997906,0,FALSE,2,0
L9Q:L20M:A149V:G159D:A182T,590.5,1,4189.196473,0,FALSE,5,0
A74V:A81V:K111R,193.78,1,3432.865433,0,FALSE,3,0
K157M:K226E,421.26,1,2260.900062,0,FALSE,2,0
M27I,3566.04,5,4467.855602,42.96,FALSE,1,0.009615351
E19D:A149V,1009.5,1,4545.610781,0,FALSE,2,0
L153V,1555.9,1,3968.730038,0,FALSE,1,0
G189D,2578.74,2,4286.108554,18.28,FALSE,1,0.004264941
E19K:Q105K:T128I,313.21,1,4279.094642,0,FALSE,3,0
R78C:A81T:A149V:F184S:T202A:L230M,663.26,1,3860.457389,0,FALSE,6,0
L153M:D217V,179.25,1,4145.616384,0,FALSE,2,0
K75N:V125M,897.71,1,4444.547911,0,FALSE,2,0
P15S:N133Y,1195.63,1,4233.312136,0,FALSE,2,0
A179V:I221V,780.64,1,2626.187819,0,FALSE,2,0
K47N:L137M:F207I:D214N,65.47,1,3317.537204,0,FALSE,4,0
V203A,2205.73,1,639.0781792,0,FALSE,1,0
P211S,3281.64,3,4507.763291,24.63,FALSE,1,0.005463907
N102D:V125L,847.99,1,4919.664921,0,FALSE,2,0
T18I,537.47,2,3871.387272,64.38,FALSE,1,0.016629698
T18A:F207Y,335.54,1,1838.758728,0,FALSE,2,0
E21K:T40A:T220S,575.31,1,4484.005894,0,FALSE,3,0
K75I:N185D,793.57,1,1585.537424,0,FALSE,2,0
L3R:K12I,504.9,1,4370.635616,0,FALSE,2,0
G26S:K209N,581.65,1,4157.064077,0,FALSE,2,0
I49F:V171I,613.86,1,4096.707896,0,FALSE,2,0
R180S,903.44,1,3883.393028,0,FALSE,1,0
E193D:F207I:P211S,478.07,1,4044.772522,0,FALSE,3,0
K111E:T232M,963.58,1,4121.426459,0,FALSE,2,0
G174C,905.76,1,4204.802779,0,FALSE,1,0
K45E:G173D,346.44,1,4299.319239,0,FALSE,2,0
S93T:P197S:D214G:D229N,389.28,1,3392.752462,0,FALSE,4,0
T128S:G129V,194.21,1,3565.607747,0,FALSE,2,0
V123I:N133S,1045.52,1,4166.839396,0,FALSE,2,0
H176Y,1114.94,1,4709.723221,0,FALSE,1,0
T205S:A227V,479.45,1,3584.480479,0,FALSE,2,0
P197H,823.65,1,4403.50744,0,FALSE,1,0
E164D,2827.93,1,4488.390132,0,FALSE,1,0
D54V:G138V,60.79,1,2924.873459,0,FALSE,2,0
Q88H:N116D,162.91,1,4426.849675,0,FALSE,2,0
K131R:R156C,239.65,1,4372.820667,0,FALSE,2,0
W204R:P211L,326.95,1,3624.70315,0,FALSE,2,0
L219F,1663.07,2,3725.508839,4.54,FALSE,1,0.001218625
T41V:T51I:A81V,575.23,1,4115.842944,0,FALSE,3,0
S99T:F169L:D210G:E215D,282.6,1,3879.202101,0,FALSE,4,0
I163V:H181L,3480.37,1,1179.713111,0,FALSE,2,0
T87S:G159S:W204R,34.16,1,1625.251534,0,FALSE,3,0
wt_ctrl_cgre4111,3752.77,1,4458.667512,0,FALSE,1,0
N116S:K126*:R140S,27.71,1,4704.921705,0,FALSE,3,0
V57M:D217N,405.69,1,3561.489114,0,FALSE,2,0
K45E:K111I:H148Q:T216A,37.65,1,247.8837279,0,FALSE,4,0
A81V:N102D,1848.9,1,4565.017533,0,FALSE,2,0
P89L:P197A,25.85,1,1751.160699,0,FALSE,2,0
E5K:G6A:A7R:K8S:L9C:F10S:E11K:E13R:I14F:Y16I:I17S:T18P:E19S:L20W:E21R:G22A:D23T:V24*:E25R:G26A:M27*:K28S:F29S:I30S:I31L:K32R:G33A:V34L:G35A:T36L:G37A:D38M:A39P:T40P:T41R:G42A:T43P:I44S:K45R:A46R:K47S:Y48T:I49S:C50A:T51P:T52P:G53A:D54T:L55C:V57C:W59G:A60L:T61P:I62S:L63C:S64H:S65P:L66C:S67R:Y68T:G69A:V70C:C72A:F73S:A74*:K75I:Y76P:R78P:I80C:A81G:D82L:F83L:F84Q:K85V:S86H:T87P:Q88T:P89R:D90W:G91L:Y92Q:Q94G:D95P:R96H:I97H:I98L:S99V:F100R:D101Q:N102*:D103R:G104P:Q105V:Y106R:D107R:V108E:K109S:A110Q:K111S:V112D:T113V:Y114*:N116R:G117Y:L119I:Y120Q:N121P:V123Y:T124R:V125E:K126G:G127H:T128W:G129F:F130Q:K131V:S132K:N133R:G134Q:N135H:I136P:L137G:G138D:M139A:V141F:L142V:Y143P:H144L:S145A:P146T:H148R:A149S:V150L:I152L:L153A:P154*:D155P:R156Q:K157E:N158W:G159W:G160L:L161K:K162D:I163*:E164V:Y165*:N166Q:K167G:A168L:F169*:D170R:V171T:L172G:G173Q:G174R:G175S:H176P:Q177D:M178G:A179P:R180S:H181R:A182P:Q183V:F184Q:N185Q:K186A:L188W:G189R:A190M:W191G:E192G:E193R:D194L:Y195P:P197L:Y198P:H199P:H200P:L201D:T202S:W204D:T205*:S206L:F207R:G208Q:K209R:D210P:P211R:D212*:D213R:D214R:E215D:T216R:D217S:H218P:L219Y:T220D:I221R:V222R:E223G:V224H:I225*:K226G:A227R:V228R:D229L:L230G:E231N:T232V:Y233P:R234L,49.47,1,3325.607508,0,TRUE,213,0
wt_ctrl_cgre1338,4661.81,1,4052.124419,0,FALSE,1,0
G104C:K131N:E193D,41.37,1,4332.121541,0,FALSE,3,0
M27K:I30F,686.17,1,4560.066591,0,FALSE,2,0
L142S:Y143H:K226E,1004.76,1,2451.419069,0,FALSE,3,0
A60L:T61P:I62S:L63C:S64H:S65P:L66C:S67R:Y68T:G69A:V70C:C72A:F73S:A74Q:K75I:Y76P:R78P:I80C:A81G:D82L:F83L:F84Q:K85V:S86H:T87P:Q88T:P89R:D90W:G91L:Y92Q:Q94G:D95P:R96H:I97H:I98L:S99V:F100R:D101Q:N102*:D103R:G104P:Q105V:Y106R:D107R:V108E:K109S:A110Q:K111S:V112D:T113V:Y114*:N116R:G117Y:L119I:Y120Q:N121P:V123Y:T124R:V125E:K126G:G127H:T128W:G129F:F130Q:K131V:S132K:N133R:G134Q:N135H:I136P:L137G:G138D:M139A:V141F:L142V:Y143P:H144L:S145A:P146T:H148R:A149S:V150L:I152L:L153A:P154*:D155P:R156Q:K157E:N158W:G159W:G160L:L161K:K162D:I163*:E164V:Y165*:N166Q:K167G:A168L:F169*:D170R:V171T:L172G:G173R:G174R:G175S:H176P:Q177D:M178G:A179P:R180S:H181R:A182P:Q183V:F184Q:N185Q:K186A:L188W:G189R:A190M:W191G:E192G:E193R:D194L:Y195P:P197L:Y198P:H199P:H200P:L201D:T202S:W204D:T205*:S206L:F207R:G208Q:K209R:D210P:P211R:D212*:D213R:D214R:E215D:T216R:D217S:H218P:L219Y:T220D:I221R:V222R:E223G:V224H:I225*:K226G:A227R:V228R:D229L:L230G:E231N:T232V:Y233P:R234L,27.86,1,4068.096162,0,TRUE,162,0
G6C:E19V:E21V,2009.89,1,4303.700536,0,FALSE,3,0
K85N,31.3,1,1262.241878,0,FALSE,1,0
I17N:G26D:H79L:K131E:I163V,28.72,1,3038.665721,0,FALSE,5,0
D107A:G129C:L230V,568.12,1,4378.897251,0,FALSE,3,0
I136T,1159.98,1,3915.386847,0,FALSE,1,0
N102S:G175S:F207Y,794.65,1,614.2380599,0,FALSE,3,0
V112M:K126M:V141I:L161I,38.21,1,3200.866784,0,FALSE,4,0
S93N:W191C,69.53,1,1011.440013,0,FALSE,2,0
V34D:N133H:D155N,110.14,1,3428.404078,0,FALSE,3,0
G42C:K157E,25.81,1,1459.944319,0,FALSE,2,0
R180W:F184S,106.3,1,3396.862784,0,FALSE,2,0
I31N:Y120N:G175S,26.86,1,3946.779317,0,FALSE,3,0
K8R:E21G:P58S:K75N,55.57,1,411.2431197,0,FALSE,4,0
L161I:L172P,1372.04,1,4177.831221,0,FALSE,2,0
H144P,1694.4,1,359.404261,0,FALSE,1,0
E11A:D107G,1994.7,1,4394.930716,0,FALSE,2,0
E5D:L20M:E21V,2138.24,1,4290.480812,0,FALSE,3,0
P4L:E5K:G6A:A7R:K8S:L9C:F10S:E11K:E13R:I14F:Y16I:I17S:T18P:E19S:L20W:E21R:G22A:D23T:V24*:E25R:G26A:M27*:K28S:F29S:I30S:I31L:K32R:G33A:V34L:G35A:T36L:G37A:D38M:A39P:T40P:T41R:G42A:T43P:I44S:K45R:A46R:K47S:Y48T:I49S:C50A:T51P:T52P:G53A:D54T:L55C:V57C:W59G:A60L:T61P:I62S:L63C:S64H:S65P:L66C:S67R:Y68T:G69A:V70C:C72A:F73S:A74L:K75N:Y76T:R78A:H79T:I80L:A81R:D82T:F83S:F84S:K85S:S86P:T87P:Q88N:D90M:G91A:Y92T:S93V:Q94R:D95T:R96A:I97S:I98S:S99R:F100S:D101T:N102M:D103T:G104A:Q105S:Y106T:D107T:V108*:A110P:V112*:T113R:Y114M:E115R:N116T:G117V:T118H:L119Y:Y120T:N121T:R122A:V123L:T124P:V125*:K126R:G127A:T128L:G129V:F130S:K131S:S132Q:N133T:G134A:N135T:I136S:L137W:M139C:R140A:V141F:L142C:Y143T:H144T:S145R:P146H:H148T:A149Q:V150S:Y151I:I152S:L153C:P154L:D155T:R156A:K157R:N158M:G159V:G160A:L161*:K162R:I163L:E164S:Y165I:N166T:K167R:A168P:F169L:D170T:V171Y:L172W:G173A:G174A:G175V:H176T:Q177R:M178W:A179P:R180V:H181T:A182P:Q183S:F184S:N185T:K186S:G189A:A190H:W191G:E192R:E193K:D194I:Y195T:P197L:Y198T:H199T:H200T:L201*:T202Q:V203C:W204G:T205L:S206A:F207S:G208A:D210T:D212M:D213T:D214T:E215R:T216Q:D217I:H218T:T220R:I221S:V222S:E223R:V224S:I225L:K226R:A227P:V228*:D229T:L230W:E231K:T232R:Y233T:R234A,25.02,1,3249.312004,0,TRUE,214,0
W191*,51.62,1,262.9403481,0,FALSE,1,0
E19G:N185S:H218N,45.62,1,3039.346881,0,FALSE,3,0
I17L:E25K:G104S:T113M:H148T:A149Q:V150S:Y151I:I152S:L153C:P154L:D155T:R156A:K157R:N158M:G159V:G160A:L161*:K162R:I163L:E164S:Y165I:N166T:K167R:A168P:F169L:D170T:V171Y:L172W:G173A:G174A:G175V:H176T:Q177R:M178W:A179P:R180V:H181T:A182P:Q183S:F184S:N185T:K186S:G189A:A190H:W191G:E192R:E193K:D194I:Y195T:P197L:Y198T:H199T:H200T:L201*:T202Q:V203C:W204G:T205L:S206A:F207S:G208A:D210T:D212M:D213T:D214T:E215R:T216Q:D217I:H218T:T220R:I221S:V222S:E223R:V224S:I225L:K226G:A227P:V228*:D229T:L230W:E231K:T232R:Y233T:R234A,32.09,1,4257.316764,0,TRUE,85,0
D212Y:L219F,48.45,1,4235.401287,0,FALSE,2,0
I31N:K126R:G127A:T128L:G129V:F130S:K131S:S132Q:N133T:G134A:N135T:I136S:L137W:M139C:R140A:V141F:L142C:Y143T:H144T:S145R:P146H:P147L:H148T:A149Q:V150S:Y151I:I152S:L153C:P154L:D155T:R156A:K157R:N158M:G159V:G160A:L161*:K162R:I163L:E164S:Y165I:N166T:K167R:A168P:F169L:D170T:V171Y:L172W:G173A:G174A:G175V:H176T:Q177R:M178W:A179P:R180V:H181T:A182P:Q183S:F184S:N185T:K186S:G189A:A190H:W191G:E192R:E193K:D194I:Y195T:P197L:Y198T:H199T:H200T:L201*:T202Q:V203C:W204G:T205L:S206A:F207S:G208A:D210T:D212M:D213T:D214T:E215R:T216Q:D217I:H218T:T220R:I221S:V222S:E223R:V224S:I225L:K226R:A227P:V228*:D229T:L230W:E231K:T232R:Y233T:R234A,58.29,1,3183.882083,0,TRUE,103,0
T51A:D101V,559.85,1,3964.62074,0,FALSE,2,0
T51S:K131E:H144L:K209T,36.09,1,1934.921844,0,FALSE,4,0
D38G:L172P:*235G,46.95,1,3024.799816,0,FALSE,3,0
N185S:L219F,1136.47,1,964.2222525,0,FALSE,2,0
D23G:F29V,28.93,1,3981.324562,0,FALSE,2,0
K28R:D101E:Y198C,118.2,1,279.4924414,0,FALSE,3,0
I80T:K111E:M139K:L153M:K162E:L201P,25.16,1,4454.587223,0,FALSE,6,0
Y92H:L188H:E192D,27.3,1,2832.550855,0,FALSE,3,0
V125M:G159D:H176R,132.24,1,3022.736038,0,FALSE,3,0
L66Q:Y143*:D229G,31.95,1,4297.653117,0,FALSE,3,0
K32E:T40S:Y76F,58.6,1,3042.076327,0,FALSE,3,0
P4L:E5K:G6A:A7R:K8S:L9C:F10S:E11K:E13R:I14F:Y16I:I17S:T18P:E19G:L20W:E21R:G22A:D23T:V24*:E25R:G26A:M27*:K28S:F29S:I30S:I31L:K32R:G33A:V34L:G35A:T36L:G37A:D38M:A39P:T40P:T41R:G42A:T43P:I44S:K45R:A46R:K47S:Y48T:I49S:C50A:T51P:T52P:G53A:D54T:L55C:V57C:W59G:A60L:T61P:I62S:L63C:S64H:S65P:L66C:S67R:Y68T:G69A:V70C:C72A:F73S:A74*:K75I:Y76P:R78P:I80C:A81G:D82L:F83L:F84Q:K85V:S86H:T87P:Q88T:P89R:D90W:G91L:Y92Q:Q94G:D95P:R96H:I97H:I98L:S99V:F100R:D101H:N102*:D103R:G104P:Q105V:Y106R:D107R:V108E:K109S:A110Q:K111S:V112D:T113V:Y114*:N116R:G117Y:L119I:Y120Q:N121P:V123Y:T124R:V125E:K126G:G127H:T128W:G129F:F130Q:K131V:S132K:N133R:G134Q:N135H:I136P:L137G:G138D:M139A:V141F:L142V:Y143P:H144L:S145A:P146T:H148R:A149S:V150L:I152L:L153A:P154*:D155P:R156Q:K157E:N158W:G159W:G160L:L161K:K162D:I163*:E164V:Y165*:N166Q:K167G:A168L:F169*:D170R:V171T:L172G:G173R:G174R:G175S:H176P:Q177D:M178G:A179P:R180S:H181R:A182P:Q183V:F184Q:N185Q:K186A:L188W:G189R:A190M:W191G:E192G:E193R:D194L:Y195P:P197L:Y198P:H199P:H200P:L201D:T202S:W204D:T205*:S206L:F207R:G208Q:K209R:D210P:P211R:D212*:D213R:D214R:E215D:T216R:D217S:H218P:L219Y:T220D:I221R:V222R:E223G:V224H:I225*:K226G:A227R:V228R:D229L:L230G:E231N:T232V:Y233P:R234L,36.12,1,4524.007699,0,TRUE,214,0
V108A:K131E:P154A,56.51,1,1742.61084,0,FALSE,3,0
P89H:D90V:R140H,29.67,1,4096.648047,0,FALSE,3,0
D23G,371.48,3,3921.715877,249.31,FALSE,1,0.063571663
Y16*:K111E:P154S:D217V,77.09,1,3973.22716,0,FALSE,4,0
S145L:G175D,357.78,1,1725.834014,0,FALSE,2,0
M27I:K47E:N102K,106.6,1,2548.509101,0,FALSE,3,0
T2I,1029.15,1,4537.024215,0,FALSE,1,0
Q105R:T113A:I136V,1087.07,1,4340.235613,0,FALSE,3,0
T41A:Y143C,1677.59,1,4245.617303,0,FALSE,2,0
T2A:L3P:P4T:I17V:V34E:T40A:K75Q:L161M:D170E:L172M:P197L:D214G:T220M:I221V,29.39,1,3114.976711,0,FALSE,14,0
K157M:N166D:S206N,1406.39,1,3627.82807,0,FALSE,3,0
W59C:E215V,1044.6,1,4454.095001,0,FALSE,2,0
I49V:Y114F,827.09,1,4471.672981,0,FALSE,2,0
I221V:K226M:T232R,294.55,1,559.0550712,0,FALSE,3,0
V70M,396.42,1,3300.49802,0,FALSE,1,0
V125M:E164G,597.08,1,787.5691932,0,FALSE,2,0
D23V:A179V,506.71,1,3570.476005,0,FALSE,2,0
I49V:D54N,787.64,1,4526.115385,0,FALSE,2,0
N158S:F169L:G174C,393.44,1,3409.946229,0,FALSE,3,0
R156C:D212N,1724.7,1,4447.823234,0,FALSE,2,0
E25A,1402.2,2,4410.063943,13.43,FALSE,1,0.003045307
M27L:E192G,591.44,1,4420.696778,0,FALSE,2,0
T118A:V141A,317.91,1,3634.123478,0,FALSE,2,0
E13K,516.36,1,4280.624995,0,FALSE,1,0
E13V:R180S,274.96,1,3498.726831,0,FALSE,2,0
K28R:L153M:H176R,1258.95,1,4083.519669,0,FALSE,3,0
L3P:E193G,741.22,1,4411.232548,0,FALSE,2,0
K157N,1715.55,2,4535.097054,35.32,FALSE,1,0.007788146
I225V,2838.28,2,3639.459931,42.42,FALSE,1,0.011655576
E192K:W204R,965.82,1,3889.904315,0,FALSE,2,0
D101N,2742.26,4,3877.773381,44.09,FALSE,1,0.011369927
A39D:N133S,129.21,1,2863.205712,0,FALSE,2,0
G129D:N135D,1357.58,1,4458.259809,0,FALSE,2,0
E13A,459.39,1,4500.205572,0,FALSE,1,0
I98V:G208S,587.78,1,4324.722783,0,FALSE,2,0
R78H:G175C,1273.15,1,4316.768971,0,FALSE,2,0
E11V:L142S,919.7,1,4634.644122,0,FALSE,2,0
K12E:D54Y:K167M,1555.99,1,5181.553641,0,FALSE,3,0
I30V:I97T:N135D,1482.75,1,4361.697942,0,FALSE,3,0
Q105R:V112A,1322.95,1,3827.170729,0,FALSE,2,0
E5G:I44V:I97T,1291.98,1,4028.401063,0,FALSE,3,0
N102K:T118A,956.86,1,4358.66903,0,FALSE,2,0
T40I:V222I,311.9,1,4179.192987,0,FALSE,2,0
G159V:D212E:T220M,2428.37,1,4222.48352,0,FALSE,3,0
K75E:K109R,1772.22,1,4299.862612,0,FALSE,2,0
E11K:S93R,1427.22,1,4427.388383,0,FALSE,2,0
T18I:V224I,451.3,1,3714.404195,0,FALSE,2,0
C50S:T205S:E231G:R234S,594.51,1,602.5635865,0,FALSE,4,0
G6A:V34A:Y114C:A190V,2613.17,1,4337.756978,0,FALSE,4,0
T128S:R180C,608.09,1,2214.297144,0,FALSE,2,0
T202I,432.45,1,2409.705134,0,FALSE,1,0
F10S:K162R:L172M,729.27,1,3895.252611,0,FALSE,3,0
N102D:K162R:I225T:V228L,838.16,1,743.499119,0,FALSE,4,0
K32E:E215K,1124.27,1,4465.716732,0,FALSE,2,0
E5A:V125A,909.68,1,4209.076334,0,FALSE,2,0
T232S,356.33,1,4406.39613,0,FALSE,1,0
I17T:Y143C:L188I,1110.16,1,4085.577166,0,FALSE,3,0
E11V:K28R,999.14,1,4455.467547,0,FALSE,2,0
V24I:I31V:S86C,752.32,1,4498.17527,0,FALSE,3,0
D95G,4600.05,3,4234.522554,45.67,FALSE,1,0.010785159
E11K:A81S:N133S,971.21,1,4290.018826,0,FALSE,3,0
V171E,573.65,2,3765.796701,236.77,FALSE,1,0.062873814
D107Y:K109R,482.28,1,4432.815044,0,FALSE,2,0
T18A:V34I,590.27,1,4936.470906,0,FALSE,2,0
T232K,1043.23,1,4329.908548,0,FALSE,1,0
D194N,286.97,1,4561.568211,0,FALSE,1,0
I44T:D107E,1148.7,1,2090.097222,0,FALSE,2,0
E11G:K186Q,362.95,1,4419.599027,0,FALSE,2,0
T40I:L161I,905.09,1,4068.797851,0,FALSE,2,0
K12R:E192K,1793.21,1,4640.938936,0,FALSE,2,0
A81V:D213G,1165.47,1,4141.906355,0,FALSE,2,0
N116D:E164V,847.66,1,4342.887692,0,FALSE,2,0
K28R:D90N,1272.93,1,4483.492062,0,FALSE,2,0
A81S:V141I,1930.87,1,4526.618062,0,FALSE,2,0
P56T:T113S,859.01,1,3949.710473,0,FALSE,2,0
N102I,272.08,1,2922.162374,0,FALSE,1,0
R234C,1024.54,1,4113.05372,0,FALSE,1,0
H176N:A182S,671.85,1,4414.63469,0,FALSE,2,0
L3H:H79R:M178I,737.18,1,4332.518091,0,FALSE,3,0
wt_ctrl_cgre567,826.15,1,3436.729237,0,FALSE,1,0
E21K:P187S,1964.24,1,4346.163102,0,FALSE,2,0
T18A:N102D:K167T:G208S,1717.8,1,2053.587706,0,FALSE,4,0
M139T:K157N:G208S,1262.09,1,4125.201263,0,FALSE,3,0
L172P:G174C,632.56,1,3741.031774,0,FALSE,2,0
Q105R,3958.9,3,4524.299225,68.1,FALSE,1,0.015052055
K111N:Y233C,1574.27,1,3411.428568,0,FALSE,2,0
T1I,2030.47,1,4450.748823,0,FALSE,1,0
I80F,4289.48,2,4239.885504,9.62,FALSE,1,0.002268929
R78S:V125M:G127S,755.12,1,3625.043692,0,FALSE,3,0
N102D:A182T,2118.14,1,4548.046966,0,FALSE,2,0
I97T:Q105H,2877.4,1,4547.107029,0,FALSE,2,0
K111E:T202I,1354.23,1,2424.435975,0,FALSE,2,0
K28R:N135D,1716.16,1,4341.969591,0,FALSE,2,0
K75R:K111R:N158D,2548.41,1,4168.298143,0,FALSE,3,0
I49F:L66M:R140L:E164V,43.63,1,2011.759635,0,FALSE,4,0
M27V:F207S,1351.66,1,3941.509066,0,FALSE,2,0
E25G:L63M:H144R:V222A,717.2,1,1162.597233,0,FALSE,4,0
T202A,1578.47,1,3119.002083,0,FALSE,1,0
D214Y,1709.34,1,4505.839162,0,FALSE,1,0
Y114S,1748.04,1,4392.496011,0,FALSE,1,0
E5D:T43I,3769.47,1,4366.280006,0,FALSE,2,0
P58A:K111R:F207L,518.23,1,2217.622159,0,FALSE,3,0
E25D:T118S,2450.07,1,4377.385858,0,FALSE,2,0
Y165C,1052.51,1,2025.31744,0,FALSE,1,0
K45*:P77S:E192G,26.88,1,3449.93518,0,FALSE,3,0
R78C:K111R,1738.22,1,4503.588785,0,FALSE,2,0
V125M:V141A,942.21,1,2899.970461,0,FALSE,2,0
T113S:Q183L,2592.65,1,1892.877447,0,FALSE,2,0
S132P,4212.16,1,4564.512085,0,FALSE,1,0
G173S:T202I,1360.21,1,1537.245779,0,FALSE,2,0
D170G:T216A,2498.97,1,4403.506356,0,FALSE,2,0
C50S:R156H,1371.99,1,4288.658436,0,FALSE,2,0
V24I:V123I,850.44,1,4165.172464,0,FALSE,2,0
E19A:F184P:N185T:K186S:G189A:A190H:W191G:E192R:E193K:D194I:Y195T:P197L:Y198T:H199T:H200T:L201*:T202Q:V203C:W204G:T205L:S206A:F207S:G208A:D210T:D212M:D213T:D214T:E215R:T216Q:D217I:H218T:T220R:I221S:V222*:E223R:V224S:I225L:K226R:A227L:V228*:D229T:L230W:E231K:T232R:Y233T:R234A,2012.1,1,4363.542669,0,TRUE,46,0
S67A:E231G,572.52,1,4021.125268,0,FALSE,2,0
P4T:A182S,2336.28,1,4621.999742,0,FALSE,2,0
E115K:S132L,2282.62,1,4313.53015,0,FALSE,2,0
G129A,1468.42,1,4520.091445,0,FALSE,1,0
T51A:N121H,3227.34,2,4420.80543,21.3,FALSE,2,0.004818127
Y120S:N121H:I221S,1548.3,1,3667.44992,0,FALSE,3,0
Y120S:N121H,6107.65,2,4563.165901,63.1,FALSE,2,0.013828119
T202S:I225V,2968.45,1,3466.001834,0,FALSE,2,0
E21V:N102Y,2559.55,2,4312.064284,33.35,FALSE,2,0.007734115
K167T:T205S,3088.52,1,1216.238045,0,FALSE,2,0
K45Q:D213Y,226.48,1,3891.895715,0,FALSE,2,0
E5V,4015.14,1,4540.05031,0,FALSE,1,0
E11G:M27L,2498.06,1,4469.923612,0,FALSE,2,0
I62T:K111R:V125L,647.38,1,4493.115048,0,FALSE,3,0
I31V:F207Y,2165.16,1,2298.953076,0,FALSE,2,0
M27T:T124A:I152V,5462.66,1,4367.546792,0,FALSE,3,0
T61S:L219I,1756.89,1,763.196784,0,FALSE,2,0
G104A,257.6,1,560.8964658,0,FALSE,1,0
Y120F,2692.24,1,4500.980988,0,FALSE,1,0
K167E:R180V:H181T:A182P:Q183S:F184S:N185T:K186S:G189A:A190H:W191G:E192R:E193K:D194I:Y195T:P197L:Y198T:H199T:H200T:L201*:T202Q:V203C:W204G:T205L:S206A:F207S:G208A:D210T:D212M:D213T:D214T:E215R:T216Q:D217I:H218T:T220R:I221S:V222S:E223R:V224S:I225L:K226R:A227P:V228*:D229T:L230W:E231K:T232R:Y233T:R234A,28.62,1,4357.781473,0,TRUE,50,0
Y16*:V70L:P211H,40.69,1,4203.25855,0,FALSE,3,0
K28E:A190T,2201.19,1,4322.315399,0,FALSE,2,0
G26S:N102H,812.27,1,4127.264801,0,FALSE,2,0
N158I:P196T,30.29,1,1362.523183,0,FALSE,2,0
D54G:Q88H:A227V,46.28,1,1209.386369,0,FALSE,3,0
M139K:A168V:I225T,3081.88,1,829.980851,0,FALSE,3,0
T1S:L9P:I30V,3248.16,1,4433.290219,0,FALSE,3,0
V34A:D101Y,38.89,1,2905.146966,0,FALSE,2,0
H144N:F207Y,1661.25,1,627.9926273,0,FALSE,2,0
V123A:W191*:H199L,33.07,1,3787.520612,0,FALSE,3,0
F73Y:T87I:Y92C:F130S:Y143C:K162E:P187S,25.84,1,1573.480926,0,FALSE,7,0
R140C:H148L,32.99,1,57,0,FALSE,2,0
L66P:A81E:D82N:K111R,49.83,1,57.00002185,0,FALSE,4,0
K45E:K75N:Y76T:R78A:H79T:I80L:A81R:D82T:F83S:F84S:K85S:S86P:T87P:Q88N:D90M:G91T:Y92T:S93V:Q94R:D95T:R96A:I97S:I98S:S99R:F100S:D101T:N102M:D103T:G104A:Q105S:Y106T:D107T:V108*:A110P:V112*:T113R:Y114M:E115R:N116T:G117V:T118H:L119Y:Y120T:N121T:R122A:V123L:T124P:V125*:K126R:G127A:T128L:G129V:F130S:K131S:S132Q:N133T:G134A:N135T:I136S:L137W:M139C:R140A:V141F:L142C:Y143T:H144T:S145R:P146H:H148T:A149Q:V150S:Y151I:I152S:L153C:P154L:D155T:R156A:K157R:N158M:G159V:G160A:L161*:K162R:I163L:E164S:Y165I:N166T:K167R:A168S:F169L:D170T:V171Y:L172W:G173A:G174A:G175V:H176T:Q177R:M178W:A179P:R180V:H181T:A182P:Q183S:F184S:N185T:K186G:G189A:A190H:W191G:E192R:E193K:D194I:Y195T:P197L:Y198T:H199T:H200T:L201*:T202Q:V203C:W204G:T205L:S206A:F207S:G208A:D210T:D212M:D213T:D214T:E215R:T216Q:D217I:H218T:T220R:I221S:V222S:E223R:V224S:I225L:K226R:A227P:V228*:D229T:L230W:E231K:T232R:Y233T:R234A,77.81,1,57.00000034,0,TRUE,149,0
A110V:L142C:Y143T:H144T:S145R:P146H:H148T:A149Q:V150S:Y151I:I152S:L153C:P154L:D155T:R156A:K157R:N158M:G159V:G160A:L161*:K162R:I163L:E164S:Y165I:N166T:K167R:A168P:F169L:D170T:V171Y:L172W:G173A:G174A:G175V:H176T:Q177R:M178W:A179P:R180V:H181T:A182P:Q183S:F184S:N185I:K186S:G189A:A190H:W191G:E192R:E193K:D194I:Y195T:P197L:Y198T:H199T:H200T:L201*:T202Q:V203C:W204G:T205L:S206A:F207S:G208A:D210T:D212M:D213T:D214T:E215R:T216Q:D217I:H218T:T220R:I221S:V222S:E223R:V224S:I225L:K226R:A227P:V228*:D229T:L230W:E231K:T232R:Y233T:R234A,63.69,1,57.00000129,0,TRUE,87,0
K8*:K45M:R140L:W204G,79.67,1,57,0,FALSE,4,0
P89A:D155G:D194G:D210V:A227S,38.21,1,3622.180489,0,FALSE,5,0
L161F:G174C:W191R,34.25,1,90.25441164,0,FALSE,3,0
T18I:K32E:S93N:D95V:L188H:K209E,30.25,1,803.9909102,0,FALSE,6,0
Y68C,57.22,1,57.00407313,0,FALSE,1,0
D23G:A74D:A110V:N116Y:L201R:T216S,33.69,1,57,0,FALSE,6,0
V57M:L219F:I225T,28.38,1,57,0,FALSE,3,0
K32*:P211L,103.36,1,390.5241756,0,FALSE,2,0
L20Q:K32Q:Q183R:F184Y:E215A,31.77,1,57,0,FALSE,5,0
K85R:T202I,57.18,1,57,0,FALSE,2,0
L9P:T36S:G134D:D217N,32.85,1,57,0,FALSE,4,0
S64L:P197T:T216A,25.51,1,57,0,FALSE,3,0
F73I:I97V:Q105R:G134S,31.48,1,57,0,FALSE,4,0
Y76C:F84Y:D103A:N133D,40.38,1,2723.963007,0,FALSE,4,0
E21G:A39V:T41A:V70M:K109*:S132*:R140C,58.64,1,57,0,FALSE,7,0
T36A:G160D,27.3,1,57,0,FALSE,2,0
T205I,166.6,1,57.00344728,0,FALSE,1,0
K45M:V57M:S99P:F100I:M139V:Y143H:G175S,27.58,1,57,0,FALSE,7,0
I49V:Q177R,63.09,1,58.15177465,0,FALSE,2,0
K109*:K111N:G138R:Y143H:H148R:P154H,61.71,1,57.00008646,0,FALSE,6,0
D82G:V108A:F184L,45.8,1,57,0,FALSE,3,0
G37D:H79R:S206N,58.46,1,57.0000019,0,FALSE,3,0
I62V:F83L:H144N:T220P,26.66,1,57,0,FALSE,4,0
C50G:Q183L,66.69,1,57,0,FALSE,2,0
A60D:T205N,59.4,1,57.00980786,0,FALSE,2,0
L66P:D217N,82.33,1,57.00000605,0,FALSE,2,0
K28*,109.51,2,57,0,FALSE,1,0
W59C:T61S:I97V:E215V,27.19,1,1121.587184,0,FALSE,4,0
I44V:Q88L:Q177K:R234H,63.15,1,57.00538337,0,FALSE,4,0
G6V:K75E:K85R:G134D:I221N,33.83,1,1194.144533,0,FALSE,5,0
P147S:N185D,65.79,1,59.16031103,0,FALSE,2,0
I97T:I136N:M139V,72.3,1,57,0,FALSE,3,0
F10C:K85*,87.12,1,161.9182181,0,FALSE,2,0
Y16H:T18A:G35D:F83L:H181L,25.2,1,1769.109307,0,FALSE,5,0
R140H:F169S,82.73,1,57,0,FALSE,2,0
F29I:K47E:G53S,33.82,1,2521.037576,0,FALSE,3,0
Y92F:H144T:S145R:P146H:H148T:A149Q:V150S:Y151I:I152S:L153C:P154L:D155T:R156A:K157R:N158M:G159V:G160A:L161*:K162R:I163L:E164S:Y165I:N166T:K167R:A168P:F169L:D170T:V171Y:L172W:G173A:G174A:G175V:H176T:Q177R:M178W:A179P:R180V:H181T:A182P:Q183S:F184S:N185T:K186S:G189A:A190H:W191G:E192R:E193K:D194I:Y195T:P197L:Y198T:H199T:H200T:L201*:T202Q:V203C:W204G:T205L:S206A:F207S:G208A:D210T:D212M:D213T:D214T:E215R:T216Q:D217I:H218T:T220R:I221S:V222S:E223R:V224S:I225L:K226R:A227P:V228*:D229T:L230W:E231K:T232R:Y233T:R234A,64.76,1,57,0,TRUE,85,0
C50Y:R122H:D212V:D213V:Y233H,50.75,1,57,0,FALSE,5,0
K75I:K226*:R234C,34.89,1,57,0,FALSE,3,0
E19G:K109E:H218R,32.46,1,4055.825146,0,FALSE,3,0
P77H:Q88H,67.77,1,57,0,FALSE,2,0
D155E:H218R:E223*:L230S,25.11,1,1902.243502,0,FALSE,4,0
F73L:I80T:L172P,49.23,1,57,0,FALSE,3,0
Y16C:S93R:Y106S:H181N:T216I,54.47,1,1547.605852,0,FALSE,5,0
S67P,825.97,5,57.7455472,1.28,FALSE,1,0.022166211
E11K:A46V:L153S:L230M,61.85,1,57.01132921,0,FALSE,4,0
R78A:H79T:I80L:A81R:D82T:F83S:F84S:K85S:S86P:T87P:Q88N:D90M:G91A:Y92T:S93V:Q94R:D95T:R96A:I97S:I98S:S99R:F100S:D101T:N102M:D103T:G104A:Q105S:Y106T:D107T:V108*:A110P:V112*:T113R:Y114M:E115R:N116T:G117V:T118H:L119C:Y120T:N121T:R122A:V123L:T124P:V125*:K126R:G127A:T128L:G129V:F130S:K131S:S132Q:N133T:G134A:N135T:I136S:L137W:M139C:R140A:V141F:L142C:Y143T:H144T:S145R:P146H:H148T:A149Q:V150S:Y151I:I152S:L153C:P154L:D155T:R156A:K157R:N158M:G159V:G160A:L161*:K162R:I163L:E164S:Y165I:N166T:K167R:A168P:F169L:D170T:V171Y:L172W:G173A:G174A:G175V:H176T:Q177R:M178W:A179P:R180V:H181T:A182P:Q183S:F184S:N185T:K186S:L188M:G189A:A190H:W191G:E192R:E193K:D194I:Y195T:P197L:Y198T:H199T:H200T:L201*:T202Q:V203C:W204G:T205L:S206A:F207S:G208A:D210T:D212M:D213T:D214T:E215R:T216Q:D217I:H218T:T220R:I221S:V222S:E223R:V224S:I225L:K226R:A227P:V228*:D229T:L230W:E231K:T232R:Y233T:R234A,64.36,1,57.00000005,0,TRUE,147,0
E19D:I97S:I98S:S99R:F100S:D101T:N102M:D103T:G104A:Q105S:Y106T:D107T:V108*:A110P:V112*:T113R:Y114M:E115R:N116T:G117V:T118H:L119Y:Y120T:N121T:R122A:V123L:T124P:V125*:K126R:G127A:T128L:G129V:F130S:K131S:S132Q:N133T:G134A:N135T:I136S:L137W:M139C:R140A:V141F:L142C:Y143T:H144T:S145R:P146H:H148T:A149Q:V150S:Y151I:I152S:L153C:P154L:D155T:R156A:K157R:N158M:G159V:G160A:L161*:K162R:I163L:E164S:Y165I:N166T:K167R:A168P:F169L:D170T:V171Y:L172W:G173A:G174A:G175V:H176I:Q177R:M178W:A179P:R180V:H181T:A182P:Q183S:F184S:N185T:K186S:G189A:A190H:W191G:E192R:E193K:D194I:Y195T:P197L:Y198T:H199T:H200T:L201*:T202Q:V203C:W204G:T205L:S206A:F207S:G208A:D210T:D212M:D213T:D214T:E215R:T216Q:D217I:H218T:T220R:I221S:V222S:E223R:V224S:I225L:K226R:A227P:V228*:D229T:L230W:E231K:T232R:Y233T:R234A,74.12,1,57,0,TRUE,129,0
V34A:F84Y:Y143H:F169S:G174C,26.62,1,57,0,FALSE,5,0
N185I:T232M,895.36,1,200.9749664,0,FALSE,2,0
E21V:V108A:E231*,40.28,1,57,0,FALSE,3,0
Y76N:Q177P:G189S,65.56,1,57.00170533,0,FALSE,3,0
G42D:P147S,32.49,1,3015.124901,0,FALSE,2,0
K45E:S67P:K75*,65.74,1,57.00414302,0,FALSE,3,0
E13R:I14F:Y16I:I17S:T18P:E19S:L20W:E21R:G22A:D23T:V24*:E25R:G26A:M27*:K28S:F29S:I30S:I31L:K32R:G33A:V34L:G35A:T36L:G37A:D38M:A39P:T40P:T41R:G42A:T43P:I44S:K45R:A46R:K47S:Y48T:I49S:C50A:T51P:T52P:G53A:D54T:L55C:V57C:W59G:A60L:T61P:I62S:L63C:S64H:S65P:L66C:S67R:Y68T:G69A:V70C:C72A:F73S:A74*:K75I:Y76P:R78P:I80C:A81G:D82L:F83L:F84Q:K85V:S86H:T87P:Q88T:P89R:D90W:G91L:Y92Q:Q94G:D95P:R96H:I97H:I98L:S99V:F100R:D101Q:N102*:D103R:G104P:Q105V:Y106R:D107R:V108E:K109S:A110Q:K111S:V112D:T113V:Y114*:N116R:G117Y:L119I:Y120Q:N121P:V123Y:T124R:V125E:K126G:G127H:T128W:G129F:F130Q:K131V:S132K:N133R:G134Q:N135H:I136P:L137G:G138D:M139A:V141C:L142V:Y143P:H144L:S145A:P146T:H148R:A149S:V150L:I152L:L153A:P154*:D155P:R156Q:K157E:N158W:G159W:G160L:L161K:K162D:I163*:E164V:Y165*:N166Q:K167G:A168L:F169*:D170R:V171T:L172G:G173R:G174R:G175S:H176P:Q177D:M178G:A179P:R180S:H181R:A182P:Q183V:F184Q:N185Q:K186A:L188W:G189R:A190M:W191G:E192G:E193R:D194L:Y195P:P197L:Y198P:H199P:H200P:L201D:T202S:W204D:T205*:S206L:F207R:G208Q:K209R:D210P:P211R:D212*:D213Q:D214R:E215D:T216R:D217S:H218P:L219Y:T220D:I221R:V222R:E223G:V224H:I225*:K226G:A227R:V228R:D229L:L230G:E231N:T232V:Y233P:R234L,338.89,1,3363.433655,0,TRUE,206,0
K45*:V57M:G159V,185.67,1,2169.545659,0,FALSE,3,0
K12Q:G53S:L63M:Y114F:K226E,54.72,1,57.02122014,0,FALSE,5,0
P15A:A81V:P146L:V150A:Q183L,89.03,1,57,0,FALSE,5,0
A39V:L55Q:K75E:Q88R:V108M:P154L:K157E:P211T:D214N,25.28,1,57,0,FALSE,9,0
K45M:T61A,255.24,1,184.2173359,0,FALSE,2,0
G104C:R180C:K226E,33.81,1,57.00610263,0,FALSE,3,0
F71C:I97F:L142S,44.95,1,57.01166789,0,FALSE,3,0
E25G:G104D:N133D,43.83,1,57,0,FALSE,3,0
E13*:T36I:G91D,243.11,1,2900.61067,0,FALSE,3,0
I31F:V34A:T52A:V70L:Y76N,61.96,1,57,0,FALSE,5,0
D103V:I136T:K167M:D212G,164.7,1,151.4723401,0,FALSE,4,0
P77S:S86P:Q177L,90.8,1,1652.037743,0,FALSE,3,0
F10S:G22V,33.69,1,1731.692813,0,FALSE,2,0
S65F:R78L:Y106N,57.26,1,57,0,FALSE,3,0
E21K:G37C:T113A:Y143H:R156L:A168V,36.62,1,57,0,FALSE,6,0
V57E:N121H:V123I:Y233*,46.54,1,57,0,FALSE,4,0
E5G:R122S:F130Y:N158D:R180H:V228A,28.46,1,993.3369181,0,FALSE,6,0
Q94R:K109N,47.65,1,672.8472972,0,FALSE,2,0
S65F:R78P:H218R,70.23,1,57,0,FALSE,3,0
S93N:K109R:K111*:E192G:D214N,72.38,1,57.00000016,0,FALSE,5,0
T43A:K47R:S86P:D107G:K131M:F169L,139.83,1,2438.999934,0,FALSE,6,0
K167N:L219P,39.06,1,1501.011401,0,FALSE,2,0
V34L:C50S:L188P,28.96,1,2042.594725,0,FALSE,3,0
G69A:Q88N:D90M:G91A:Y92T:S93V:Q94R:D95T:R96A:I97S:I98S:S99R:F100S:D101T:N102M:D103T:G104A:Q105S:Y106T:D107T:V108*:A110P:V112*:T113R:Y114M:E115R:N116T:G117V:T118H:L119Y:Y120T:N121T:R122A:V123L:T124P:V125*:K126R:G127A:T128L:G129V:F130S:K131S:S132Q:N133T:G134A:N135T:I136S:L137W:M139C:R140A:V141F:L142C:Y143T:H144T:S145R:P146H:H148T:A149Q:V150S:Y151I:I152S:L153C:P154L:D155T:R156A:K157R:N158M:G159V:G160A:L161*:K162R:I163L:E164S:Y165I:N166T:K167R:A168P:F169L:D170T:V171Y:L172W:G173A:G174A:G175V:H176T:Q177R:M178W:A179P:R180V:H181T:A182P:Q183S:F184S:N185T:K186S:G189A:A190H:W191G:E192R:E193K:D194I:Y195T:P197L:Y198T:H199T:H200T:L201*:T202Q:V203C:W204G:T205L:S206A:F207S:G208A:D210T:D212M:D213T:D214T:E215R:T216Q:D217I:H218T:T220R:I221S:V222S:E223R:V224S:I225L:K226R:A227P:V228*:D229T:L230W:E231K:T232R:Y233T:R234A,73.73,1,57.00117499,0,TRUE,137,0
A46T:P58S:K111R,143.63,1,125.9653989,0,FALSE,3,0
Y68N:G104S:Y120H,64.81,1,57,0,FALSE,3,0
L63Q:Q177R,68.09,1,57.00056868,0,FALSE,2,0
W59C:Y92N,37.44,1,3932.305032,0,FALSE,2,0
P15H:K32M:K47E:I98T,93.22,1,1678.730204,0,FALSE,4,0
K12N:F84Y:D101V:M139T:H199Q,27.2,1,57,0,FALSE,5,0
F10L:T36S:T40I:Y68N:Y106C:Q183L,66.23,1,57,0,FALSE,6,0
S64T:D82V:L153S:E215A,27.42,1,57.00000163,0,FALSE,4,0
G104D:K126R,28.08,1,57,0,FALSE,2,0
P89S:H199S,108.58,1,692.4640483,0,FALSE,2,0
E25*:Q94E:D229V,88.04,1,57,0,FALSE,3,0
A60V:R96L:D194E,66.18,1,57.01100619,0,FALSE,3,0
F10L:L20Q:G37S:A81P:R122H,60.77,1,57,0,FALSE,5,0
V34A:H148R,77.16,1,57,0,FALSE,2,0
S64P:N133K,55.19,1,57.00004042,0,FALSE,2,0
G22A:H148T:A149Q:V150S:Y151I:I152S:L153C:P154L:D155T:R156A:K157R:N158M:G159V:G160A:L161*:K162R:I163L:E164S:Y165I:N166T:K167R:A168P:F169L:D170T:V171Y:L172W:G173A:G174A:G175V:H176T:Q177R:M178W:A179P:R180V:H181T:A182P:Q183S:F184S:N185T:K186S:G189A:A190H:W191G:E192R:E193K:D194I:Y195T:P197L:Y198T:H199T:H200T:L201*:T202Q:V203C:W204G:T205L:S206A:F207S:G208A:D210T:D212M:D213R:D214T:E215R:T216Q:D217I:H218T:T220R:I221S:V222S:E223R:V224S:I225L:K226R:A227P:V228*:D229T:L230W:E231K:T232R:Y233T:R234A,74.63,1,57.00000001,0,TRUE,82,0
K8E:Y68*:R140C,71.18,1,57,0,FALSE,3,0
T41A:A74L:K75N:Y76T:R78A:H79T:I80L:A81R:D82T:F83S:F84S:K85S:S86P:T87P:Q88N:D90M:G91A:Y92T:S93V:Q94R:D95T:R96A:I97S:I98S:S99R:F100S:D101T:N102M:D103T:G104A:Q105S:Y106T:D107T:V108*:A110P:V112*:T113R:Y114M:E115R:N116T:G117V:T118H:L119Y:Y120T:N121T:R122A:V123L:T124P:V125*:K126R:G127A:T128L:G129V:F130S:K131S:S132Q:N133T:G134A:N135T:I136S:L137W:M139C:R140A:V141F:L142C:Y143T:H144T:S145R:P146H:H148T:A149Q:V150S:Y151I:I152S:L153C:P154L:D155T:R156A:K157R:N158M:G159V:G160A:L161*:K162R:I163L:E164S:Y165I:N166T:K167R:A168P:F169L:D170T:V171Y:L172W:G173A:G174A:G175V:H176T:Q177R:M178W:A179P:R180V:H181T:A182P:Q183S:F184S:N185T:K186S:G189A:A190H:W191G:E192R:E193K:D194I:Y195T:P197L:Y198T:H199T:H200T:L201*:T202Q:V203C:W204G:T205L:S206A:F207S:G208A:D210T:D212M:D213T:D214T:E215R:T216Q:D217I:H218T:T220R:I221S:V222S:E223R:V224S:I225L:K226R:A227P:V228*:D229T:L230W:E231K:T232R:Y233T:R234A,52.6,1,57.00001821,0,TRUE,150,0
K109*:G175C,67.39,1,57.00526716,0,FALSE,2,0
G37V:F83Y:K111T,74.44,1,4724.806669,0,FALSE,3,0
Y120S:N121H:V171A:T205A,89.16,1,444.6985154,0,FALSE,4,0
Y16N:P56S:K75*:H199Q,82.39,1,57.00000143,0,FALSE,4,0
V24I:S64T:Y76C:K109*:A168V:S206N:A227D,83.95,1,57,0,FALSE,7,0
K28*:T61I,73.18,1,57.00173764,0,FALSE,2,0
L55Q:H148Y:A168V,77.59,1,57.000475,0,FALSE,3,0
F10I:H148T:A149Q:V150S:Y151I:I152S:L153C:P154L:D155T:R156A:K157R:N158M:G159V:G160A:L161*:K162R:I163L:E164S:Y165I:N166T:K167R:A168P:F169L:D170T:V171Y:L172W:G173A:G174A:G175V:H176T:Q177R:M178W:A179P:R180V:H181T:A182P:Q183S:F184S:N185T:K186S:G189A:A190H:W191G:E192R:E193K:D194I:Y195T:P197L:Y198T:H199T:H200T:L201*:T202Q:V203C:W204G:T205L:S206A:F207S:G208A:D210T:D212M:D213T:D214T:E215R:T216Q:D217I:H218T:T220R:I221S:V222S:E223R:V224S:I225L:K226R:A227P:V228*:D229T:L230W:E231K:T232R:Y233T:R234A,67.73,1,57.00000959,0,TRUE,82,0
I80T:S86P,57.95,1,57,0,FALSE,2,0
D103V:H148R,56.61,1,57,0,FALSE,2,0
H148Y:K226E,76.89,1,57.30549952,0,FALSE,2,0
Q177R:L201M,70.95,1,57,0,FALSE,2,0
I136F,1450.28,1,130.897695,0,FALSE,1,0
K12E:D82N:K131*:G138R:K167M:L172P,48.1,1,880.366695,0,FALSE,6,0
I44T:I136F,54.77,1,57.00273275,0,FALSE,2,0
Y16H:V57E:A179S:F184I,40.17,1,57.00154284,0,FALSE,4,0
Y106*,72.15,1,57.00513858,0,FALSE,1,0
T18S:V24E:I49S:G53C:G117D:H148T:A149Q:V150F:Y151I:I152S:L153C:P154L:D155T:R156A:K157R:N158M:G159V:G160A:L161*:K162R:I163L:E164S:Y165I:N166T:K167R:A168P:F169L:D170T:V171Y:L172W:G173A:G174V:G175V:H176T:Q177R:M178W:A179P:R180V:H181T:A182P:Q183S:F184S:N185T:K186S:G189A:A190H:W191G:E192R:E193K:D194I:Y195T:P197L:Y198T:H199T:H200T:L201*:T202Q:V203C:W204G:T205L:S206A:F207S:G208A:D210T:D212M:D213T:D214T:E215G:T216Q:D217I:H218T:T220R:I221S:V222S:E223R:V224S:I225L:K226R:A227P:V228*:D229T:L230W:E231K:T232R:Y233T:R234A,53.07,1,57.0044144,0,TRUE,86,0
T36A:S67*,78.84,1,57.00023419,0,FALSE,2,0
Q94W:T113R:G174D:L230*,36.33,1,2840.612819,0,FALSE,4,0
Y106C,3318.18,2,57.01798603,0,FALSE,1,0
G37S:N185I,73.23,1,57.00214516,0,FALSE,2,0
V70E:A74V:K75N:Y76T:R78A:H79T:I80L:A81R:D82T:F83S:F84S:K85S:S86P:T87P:Q88N:D90M:G91A:Y92T:S93V:Q94R:D95T:R96S:I97S:I98S:S99R:F100S:D101T:N102M:D103T:G104A:Q105S:Y106T:D107T:V108*:A110P:V112*:T113R:Y114M:E115R:N116T:G117V:T118H:L119Y:Y120T:N121T:R122A:V123L:T124P:V125*:K126R:G127A:T128L:G129V:F130S:K131S:S132Q:N133T:G134A:N135T:I136S:L137W:M139C:R140A:V141F:L142C:Y143T:H144T:S145R:P146H:H148T:A149Q:V150S:Y151I:I152S:L153C:P154L:D155T:R156A:K157R:N158M:G159V:G160A:L161*:K162R:I163L:E164S:Y165I:N166T:K167R:A168P:F169L:D170T:V171Y:L172W:G173A:G174A:G175V:H176T:Q177R:M178W:A179P:R180V:H181T:A182P:Q183S:F184S:N185T:K186S:G189A:A190H:W191G:E192R:E193K:D194I:Y195T:P197L:Y198T:H199T:H200T:L201*:T202Q:V203C:W204G:T205L:S206A:F207S:G208A:D210T:D212M:D213T:D214T:E215R:T216Q:D217I:H218T:T220R:I221S:V222S:E223R:V224S:I225L:K226R:A227P:V228*:D229T:L230W:E231K:T232R:Y233T:R234A,94.42,1,57,0,TRUE,150,0
K8E:F84I:Q94R,52,1,57.00182038,0,FALSE,3,0
E5*:N121I:P211T,403,1,3512.199721,0,FALSE,3,0
Y16N:T51S:D95G:D107Y:K131E,40.54,1,57,0,FALSE,5,0
F71C:N135H,177.71,1,128.1978486,0,FALSE,2,0
T2A:L3P:P4T:I17V:V34E:G37V:T40A:K75Q:P77S:L161M:D170E:L172M:P197L:D214G,36.48,1,57,0,FALSE,14,0
V24I:I44N:T118I,85.83,1,57.03068277,0,FALSE,3,0
T18S:D82V:N116I:Q177L,26.65,1,57,0,FALSE,4,0
E223*,48.75,1,1018.188511,0,FALSE,1,0
E19V:G26D:G42D:T118S:L219P,31.85,1,2540.242165,0,FALSE,5,0
E13G:I62F:A81V:V125M:P147H,45.2,1,57.00000171,0,FALSE,5,0
K28R:I30V:L66R:S67R:Y68T:G69A:V70C:C72A:F73S:A74*:K75I:Y76P:R78P:I80C:A81G:D82L:F83L:F84Q:K85V:S86H:T87P:Q88T:P89R:D90W:G91L:Y92Q:S93P:Q94G:D95P:R96H:I97H:I98L:S99V:F100R:D101Q:N102*:D103R:G104P:Q105V:Y106R:D107H:V108E:K109S:A110Q:K111S:V112D:T113V:Y114*:N116R:G117Y:L119I:Y120Q:N121P:V123Y:T124R:V125E:K126G:G127H:T128W:G129F:F130H:K131A:S132K:N133R:G134Q:N135H:I136P:L137G:G138D:M139A:V141F:L142V:Y143P:H144L:S145A:P146T:H148R:A149S:V150L:I152L:L153A:P154*:D155P:R156Q:K157E:N158W:G159W:G160L:L161K:K162D:I163*:E164V:Y165*:N166Q:K167G:A168L:F169*:D170R:V171T:L172G:G173R:G174R:G175S:H176P:Q177D:M178G:A179P:R180S:H181R:A182P:Q183V:F184Q:N185Q:K186A:L188W:G189R:A190M:W191G:E192G:E193R:D194L:Y195P:P197L:Y198P:H199P:H200P:L201D:T202S:W204D:T205*:S206L:F207R:G208Q:K209R:D210P:P211R:D212*:D213R:D214R:E215D:T216R:D217S:H218P:L219Y:T220D:I221R:V222R:E223G:V224H:I225*:K226G:A227R:V228R:D229L:L230G:E231N:T232V:Y233P:R234L,75.48,1,57.00009556,0,TRUE,159,0
K8R:V24I:G33D:T36A,55.8,1,57.00097718,0,FALSE,4,0
E21G:V70E:D90G:S93G:P146S:K186E,30.31,1,3084.005978,0,FALSE,6,0
I44N:N121S,54.14,1,57,0,FALSE,2,0
T87I:G134S:F169Y:R234C,28.41,1,1216.204723,0,FALSE,4,0
C50*:F73Y,102.28,1,57,0,FALSE,2,0
A110V,59.96,2,535.259394,406.8,FALSE,1,0.760005344
G37D:H79R:Y114F:N133S:P211S,26.02,1,57.02968977,0,FALSE,5,0
L20M:G42D,25.46,1,57,0,FALSE,2,0
T18A:A74V:R78C:V108M:R180C,35.16,1,57,0,FALSE,5,0
G104D:P146L,39.9,1,57,0,FALSE,2,0
G91S:M139C:R140A:V141F:L142C:Y143T:H144T:S145R:P146H:H148T:A149Q:V150S:Y151I:I152S:L153C:P154L:D155T:R156A:K157R:N158M:G159V:G160A:L161*:K162R:I163L:E164S:Y165I:N166T:K167R:A168P:F169L:D170T:V171Y:L172W:G173A:G174A:G175V:H176T:Q177R:M178W:A179P:R180V:H181T:A182P:Q183S:F184S:N185T:K186S:G189A:A190H:W191G:E192R:E193K:D194I:Y195T:P197L:Y198T:H199T:H200T:L201*:T202Q:V203C:W204G:T205L:S206A:F207S:G208A:D210T:D212M:D213T:D214T:E215R:T216Q:D217I:H218T:T220R:I221S:V222S:E223R:V224S:I225L:K226R:A227P:V228*:D229T:L230W:E231K:T232R:Y233T:R234A,90.51,1,57,0,TRUE,90,0
K45*:T52S:T113A:G189C,86.73,1,57,0,FALSE,4,0
Q177R:L219H,83.89,1,57,0,FALSE,2,0
Y68N:H144R:P154H,80.23,1,58.81227249,0,FALSE,3,0
K12E:E13G:T61I:S67P:D90G:I98T:I136F:K162N,98.11,1,57,0,FALSE,8,0
G35S:C50S:Y92F:A190T:E193D,55.5,1,1661.137124,0,FALSE,5,0
E5D:L66P,73.44,1,57.00922995,0,FALSE,2,0
I44V:E164V:N185Y,64.28,1,57,0,FALSE,3,0
V57A:R180P:N185K:G208C,63.22,1,57,0,FALSE,4,0
I62N:K111E:H144Q:F184Y:A190V:T220K,70.81,1,57,0,FALSE,6,0
V34I:W59L,59.99,1,57.02450146,0,FALSE,2,0
P58A:F73L:R96S:T124A,80.81,1,57.00829738,0,FALSE,4,0
Y143C:E223*,84.33,1,3956.406514,0,FALSE,2,0
T61N:G69A:C72S,25.89,1,57.00798951,0,FALSE,3,0
L55M:F100I:S145T:P147H:E192D,55.45,1,57.00025233,0,FALSE,5,0
P4H:H181R,39.37,1,57.00000441,0,FALSE,2,0
V34L:L63P:S93G:Y143H,43.01,1,57.00032899,0,FALSE,4,0
K12E:K157T:H176Y:H200Y,552.89,1,181.9653492,0,FALSE,4,0
V24L:Y106H,90.55,1,57,0,FALSE,2,0
P4H:T18S:G37S:T41M:R96C,74.68,1,57.00132111,0,FALSE,5,0
V141A:K226M,72.07,1,57.00579967,0,FALSE,2,0
S67L:G91D:G127D:K186R:W191R:V222A,46.92,1,57,0,FALSE,6,0
T40I:K75*:T202A,164.68,1,957.2035049,0,FALSE,3,0
D23N:E223G,132.3,1,99.00048374,0,FALSE,2,0
L20P:E25G:G26A:M27*:K28S:F29S:I30S:I31L:K32R:G33A:V34L:G35A:T36L:G37A:D38M:A39P:T40P:T41R:G42A:T43P:I44P:K45R:A46R:K47S:Y48T:I49S:C50A:T51P:T52P:G53A:D54T:L55C:V57C:W59G:A60L:T61P:I62S:L63C:S64H:S65P:L66*:S67C:Y68T:G69A:V70C:C72A:F73S:A74L:K75N:Y76T:R78A:H79T:I80L:A81R:D82T:F83S:F84S:K85S:S86P:T87P:Q88N:D90M:G91A:Y92T:S93V:Q94R:D95T:R96A:I97S:I98S:S99R:F100S:D101T:N102M:D103T:G104A:Q105S:Y106T:D107T:V108*:A110P:V112*:T113R:Y114M:E115R:N116T:G117V:T118H:L119Y:Y120T:N121T:R122A:V123L:T124P:V125*:K126R:G127A:T128L:G129V:F130S:K131S:S132Q:N133T:G134A:N135T:I136S:L137W:M139C:R140A:V141F:L142C:Y143T:H144T:S145R:P146H:H148T:A149Q:V150S:Y151I:I152S:L153C:P154L:D155T:R156A:K157R:N158M:G159V:G160A:L161*:K162R:I163L:E164S:Y165I:N166T:K167R:A168P:F169L:D170T:V171Y:L172W:G173V:G174A:G175V:H176T:Q177R:M178W:A179P:R180V:H181T:A182P:Q183S:F184S:N185T:K186S:G189A:A190H:W191G:E192R:E193K:D194I:Y195T:P197L:Y198T:H199T:H200T:L201*:T202Q:V203C:W204G:T205L:S206A:F207S:G208A:D210T:D212M:D213T:D214T:E215R:T216Q:D217I:H218T:T220R:I221S:V222S:E223R:V224S:I225L:K226R:A227P:V228*:D229T:L230W:E231K:T232R:Y233T:R234A,79.61,1,57.00058368,0,TRUE,196,0
K45M:A74V:N121S:V171A,38.32,1,1653.598221,0,FALSE,4,0
Y16S:F71I:E164V,95.74,1,57,0,FALSE,3,0
G26V:N133I:F169S,28.39,1,57,0,FALSE,3,0
S64L:K85R:Y114H,31.08,1,2691.173051,0,FALSE,3,0
S64P,7321.19,5,57.04386157,0.03,FALSE,1,0.000525911
T43I:D90M:G91A:Y92T:S93V:Q94R:D95T:R96A:I97S:I98S:S99R:F100S:D101T:N102M:D103T:G104A:Q105S:Y106T:D107T:V108*:A110P:V112*:T113R:Y114M:E115R:N116T:G117V:T118H:L119Y:Y120T:N121T:R122A:V123L:T124P:V125*:K126R:G127A:T128L:G129V:F130S:K131S:S132Q:N133T:G134A:N135T:I136S:L137W:M139C:R140A:V141F:L142C:Y143T:H144T:S145R:P146H:H148T:A149Q:V150S:Y151I:I152S:L153C:P154L:D155T:R156A:K157R:N158M:G159V:G160A:L161*:K162R:I163L:E164S:Y165I:N166T:K167R:A168P:F169L:D170T:V171Y:L172R:G173A:G174A:G175V:H176T:Q177R:M178W:A179P:R180V:H181T:A182P:Q183S:F184S:N185T:K186S:G189A:A190H:W191G:E192R:E193K:D194I:Y195T:P197L:Y198T:H199T:H200T:L201*:T202Q:V203C:W204G:T205L:S206A:F207S:G208A:D210T:D212M:D213T:D214T:E215R:T216Q:D217I:H218T:T220R:I221S:V222S:E223R:V224S:I225L:K226R:A227P:V228*:D229T:L230W:E231K:T232R:Y233T:R234A,96.53,1,57,0,TRUE,136,0
Q88N:D90M:G91A:Y92T:S93V:Q94R:D95T:R96A:I97S:I98S:S99R:F100S:D101T:N102M:D103T:G104A:Q105S:Y106T:D107T:V108*:A110P:V112*:T113R:Y114M:E115R:N116T:G117V:T118H:L119Y:Y120T:N121T:R122A:V123L:T124P:V125*:K126R:G127A:T128L:G129V:F130S:K131S:S132Q:N133T:G134A:N135T:I136S:L137W:M139C:R140A:V141F:L142C:Y143T:H144T:S145R:P146H:H148T:A149Q:V150S:Y151I:I152S:L153C:P154L:D155T:R156A:K157R:N158M:G159V:G160A:L161*:K162R:I163L:E164S:Y165I:N166T:K167R:A168P:F169L:D170T:V171Y:L172W:G173A:G174A:G175V:H176T:Q177R:M178W:A179P:R180V:H181T:A182P:Q183S:F184S:N185T:K186S:G189A:A190H:W191G:E192R:E193K:D194I:Y195T:P197L:Y198T:H199T:H200T:L201*:T202Q:V203C:W204G:T205L:S206A:F207S:G208A:D210T:D212M:D213T:D214T:E215R:T216Q:D217I:H218T:T220R:I221S:V222S:E223W:V224S:I225L:K226R:A227P:V228*:D229T:L230W:E231K:T232R:Y233T:R234A,110.64,1,57,0,TRUE,136,0
G91D,96.44,2,1027.045126,38.14,FALSE,1,0.037135661
F83V:Q88*:G175S:T216S,91.38,1,57,0,FALSE,4,0
I62V:N133D:P146A:Y151H:D213Y,54.51,1,57,0,FALSE,5,0
D23V:S67L,67.75,1,57,0,FALSE,2,0
S93N:A110T:K131N,40.09,1,969.2978065,0,FALSE,3,0
K131M:L142*:Q177K,96.14,1,57,0,FALSE,3,0
G6C:K226*,36.98,1,57.00034505,0,FALSE,2,0
E11D:G22V:G189D,33.1,1,1065.853904,0,FALSE,3,0
G22A:D23T:V24*:E25R:G26A:M27*:K28S:F29S:I30S:I31L:K32R:G33A:V34L:G35A:T36L:G37A:D38M:A39P:T40P:T41R:G42A:T43P:I44S:K45R:A46R:K47S:Y48T:I49S:C50A:T51P:T52P:G53A:D54T:L55C:V57C:W59G:A60L:T61P:I62S:L63C:S64H:S65P:L66C:S67R:Y68T:G69A:V70C:C72A:F73S:A74*:K75I:Y76P:R78P:I80C:A81G:D82L:F83L:F84Q:K85V:S86H:T87P:Q88T:P89R:D90W:G91L:Y92Q:Q94G:D95P:R96H:I97H:I98L:S99L:F100R:D101Q:N102*:D103R:G104P:Q105V:Y106R:D107R:V108E:K109S:A110Q:K111S:V112D:T113V:Y114*:N116R:G117Y:L119I:Y120Q:N121P:V123Y:T124R:V125E:K126G:G127H:T128W:G129F:F130Q:K131V:S132K:N133R:G134Q:N135H:I136P:L137G:G138D:M139A:V141F:L142V:Y143P:S145A:P146T:H148R:A149S:V150L:I152L:L153A:P154*:D155P:R156Q:K157E:N158W:G159W:G160L:L161K:K162D:I163*:E164V:Y165*:N166Q:K167G:A168L:F169*:D170R:V171T:L172G:G173R:G174R:G175S:H176P:Q177D:M178G:A179P:R180S:H181R:A182P:Q183V:F184Q:N185Q:K186A:L188W:G189R:A190M:W191G:E192G:E193R:D194L:Y195P:P197L:Y198P:H199P:H200P:L201D:T202S:W204D:T205*:S206L:F207R:G208Q:K209R:D210P:P211R:D212*:D213R:D214R:E215G:T216R:D217S:H218P:L219Y:T220D:I221R:V222R:E223G:V224H:I225*:K226G:A227R:V228R:D229L:L230G:E231N:T232V:Y233P:R234L,293.95,1,3383.866913,0,TRUE,197,0
E13K:S93T:M178V:E192K:I225F,31.18,1,2498.386109,0,FALSE,5,0
G22V:E115K:K126R,30.88,1,57,0,FALSE,3,0
K85*:I98T:L172P,97.98,1,57,0,FALSE,3,0
L142C:Y143T:H144T:S145R:P146H:H148T:A149Q:V150S:Y151I:I152S:L153C:P154L:D155T:R156A:K157R:N158M:G159V:G160A:L161*:K162R:I163L:E164S:Y165I:N166T:K167R:A168P:F169L:D170T:V171Y:L172W:G173A:G174A:G175V:H176T:Q177R:M178W:A179P:R180V:H181T:A182P:Q183S:F184S:N185T:K186S:G189A:A190H:W191G:E192R:E193K:D194I:Y195T:P197L:Y198T:H199T:H200T:L201*:T202Q:V203C:W204G:T205L:S206A:F207S:G208A:D210T:D212M:D213T:D214T:E215R:T216Q:D217I:H218T:T220R:I221S:V222S:E223R:V224S:I225L:K226R:A227P:V228*:D229T:L230W:E231K:T232H:Y233T:R234A,142.9,1,57,0,TRUE,86,0
T40A:L119Q:R122H:G174S,28.25,1,2443.325969,0,FALSE,4,0
F10Y:E25G:F84Y:F207S,30.24,1,2370.272659,0,FALSE,4,0
L66P:F169Y,62.69,1,57.0000461,0,FALSE,2,0
G22C:A60S,203.82,1,138.7729355,0,FALSE,2,0
Y92C:A110V:L119V,28.4,1,541.805421,0,FALSE,3,0
L66P:A149T,81.88,1,57.00028962,0,FALSE,2,0
K109*:T202I:K226M,110.75,1,57.00110193,0,FALSE,3,0
R96G:E115V,85.89,1,57.01574287,0,FALSE,2,0
D54N:S99L:K109*:V125M:I163T,91.85,1,57.00139686,0,FALSE,5,0
K8N:F71Y:K75I:H199R,27.76,1,1432.648695,0,FALSE,4,0
L137P:R140H:Y151D:H200R,96.54,1,57.00523419,0,FALSE,4,0
R96H:T205S,130.04,1,76.93056694,0,FALSE,2,0
A7T:Y16F:A179V:A227T,109.37,1,57.76024594,0,FALSE,4,0
D107V:V108M:P147S,101.7,1,57.00990252,0,FALSE,3,0
P56H:V108M:L230*,81.69,1,57.00619469,0,FALSE,3,0
G6D:Y48C:L63P,29.51,1,57,0,FALSE,3,0
T18A:L66Q:V112*:T113R:Y114M:E115R:N116T:G117V:T118H:L119Y:Y120T:N121T:R122A:V123L:T124P:V125*:K126R:G127A:T128L:G129V:F130S:K131S:S132Q:N133T:G134A:N135T:I136S:L137W:M139C:R140A:V141F:L142C:Y143T:H144T:S145R:P146H:H148T:A149Q:V150S:Y151I:I152S:L153C:P154L:D155T:R156A:K157R:N158M:G159V:G160A:L161*:K162R:I163L:E164S:Y165I:N166T:K167R:A168P:F169L:D170T:V171Y:L172W:G173A:G174A:G175V:H176T:Q177R:M178W:A179P:R180V:H181T:A182P:Q183S:F184S:N185T:K186S:G189A:A190H:W191G:E192R:E193K:D194I:Y195T:P197L:Y198T:H199T:H200T:L201*:T202Q:V203C:W204G:T205L:S206A:F207L:G208A:D210T:D212M:D213T:D214T:E215R:T216Q:D217I:H218T:T220R:I221S:V222S:E223R:V224S:I225L:K226R:A227P:V228*:D229T:L230W:E231K:T232R:Y233T:R234A,98.85,1,57.00035127,0,TRUE,117,0
I49F:S64L:T118I,38.62,1,57,0,FALSE,3,0
K75N:Y76T:R78A:H79T:I80L:A81R:D82T:F83S:F84S:K85S:S86P:T87P:Q88N:D90M:G91A:Y92T:S93V:Q94R:D95T:R96A:I97S:I98S:S99R:F100S:D101T:N102M:D103T:G104A:Q105S:Y106T:D107T:V108*:A110P:V112*:T113R:Y114M:E115R:N116T:G117V:T118H:L119Y:Y120T:N121T:R122A:V123L:T124P:V125*:K126R:G127A:T128L:G129V:F130S:K131S:S132Q:N133T:G134A:N135T:I136S:L137W:M139C:R140A:V141F:L142C:Y143T:H144T:S145R:P146H:H148T:A149Q:V150S:Y151I:I152S:L153C:P154L:D155T:R156A:K157R:N158M:G159V:G160A:L161*:K162R:I163L:E164S:Y165I:N166T:K167R:A168P:F169L:D170T:V171Y:L172W:G173A:G174A:G175V:H176T:Q177R:M178W:A179P:R180V:H181T:A182P:Q183S:F184S:N185T:K186S:G189A:A190H:W191G:E192R:E193K:D194I:Y195T:P197L:Y198T:H199T:H200T:L201*:T202Q:V203C:W204*:T205L:S206A:F207S:G208V:D210T:D212M:D213T:D214T:E215R:T216Q:D217I:H218T:T220R:I221S:V222S:E223R:V224S:I225L:K226R:A227P:V228*:D229T:L230W:E231K:T232R:Y233T:R234A,115.8,1,57,0,TRUE,148,0
F73S:A110D:Y114S:A149T:T232A,79.7,1,1693.305307,0,FALSE,5,0
R78L:Q88H:D90M:G91A:Y92T:S93V:Q94R:D95T:R96A:I97S:I98S:S99R:F100S:D101T:N102M:D103T:G104A:Q105S:Y106T:D107T:V108*:A110P:V112*:T113R:Y114M:E115R:N116T:G117V:T118H:L119Y:Y120T:N121T:R122A:V123L:T124P:V125*:K126R:G127A:T128L:G129V:F130S:K131S:S132Q:N133T:G134A:N135T:I136S:L137W:M139C:R140A:V141F:L142C:Y143T:H144T:S145R:P146H:H148T:A149Q:V150S:Y151I:I152S:L153C:P154L:D155T:R156A:K157R:N158M:G159V:G160A:L161*:K162R:I163L:E164S:Y165I:N166T:K167R:A168P:F169L:D170T:V171Y:L172W:G173A:G174A:G175V:H176T:Q177R:M178W:A179P:R180V:H181T:A182P:Q183S:F184S:N185T:K186S:G189A:A190H:W191G:E192R:E193K:D194I:Y195T:P197L:Y198T:H199T:H200T:L201*:T202Q:V203C:W204G:T205L:S206A:F207S:G208A:D210T:D212M:D213T:D214T:E215R:T216Q:D217I:H218T:T220R:I221S:V222S:E223M:V224S:I225L:K226R:A227P:V228*:D229T:L230W:E231K:T232R:Y233T:R234A,109.53,1,57.00042324,0,TRUE,137,0
F84I:D103G,98.1,1,57,0,FALSE,2,0
A7V:R140C:L219H,59.15,1,57,0,FALSE,3,0
I44F:N135D:Y198C,84.18,1,77.54151439,0,FALSE,3,0
E19G:I44F:V108M:G134D:L142C:Y143T:H144T:S145R:P146H:H148T:A149Q:V150S:Y151I:I152S:L153C:P154L:D155T:R156A:K157R:N158M:G159V:G160A:L161*:K162R:I163L:E164S:Y165I:N166T:K167R:A168P:F169L:D170T:V171Y:L172W:G173A:G174A:G175V:H176T:Q177R:M178W:A179P:R180V:H181T:A182P:Q183S:F184S:N185T:K186S:G189A:A190H:W191G:E192R:E193K:D194I:Y195T:P197L:Y198T:H199T:H200T:L201*:T202Q:V203C:W204G:T205L:S206A:F207S:G208A:D210T:D212M:D213T:D214T:E215R:T216Q:D217I:H218T:T220R:I221S:V222S:E223R:V224S:I225L:K226R:A227P:V228*:D229T:L230W:E231K:T232R:Y233T:R234A,100.48,1,57.00316078,0,TRUE,90,0
N166K:W204R,145.45,1,83.2770656,0,FALSE,2,0
G91C,60.49,1,1244.31753,0,FALSE,1,0
V24I:P146L:H176R:Y198H,105.62,1,57.00333106,0,FALSE,4,0
Y68F:F71Y:D217G,102.36,1,57.00174132,0,FALSE,3,0
M27L:I44N:Y76*:A81S,122.13,1,57,0,FALSE,4,0
A60D:Q105H,97.04,1,58.36421855,0,FALSE,2,0
G69S:D101E,97.65,1,57.01077638,0,FALSE,2,0
Y76*:D101V:L219F,116.7,1,57,0,FALSE,3,0
N102S:S145L:L153V:K167R:I221F,87.15,1,57.00046628,0,FALSE,5,0
G127D,640.5,2,3894.669562,4.95,FALSE,1,0.001270968
G35D:Y68F:G91S:G134D,100.05,1,1836.911753,0,FALSE,4,0
S65P:I97F:Y151C,89.37,1,57.03021845,0,FALSE,3,0
S64L:P147A:I152T:L172P:L188P:D214V:D217N,25.46,1,57,0,FALSE,7,0
K28*:F71L:C72*:N166Y,77.25,1,57.00153695,0,FALSE,4,0
Q105*:F169S:K209I,122.8,1,57,0,FALSE,3,0
C50R:T202A,99.88,1,57,0,FALSE,2,0
D95A:R96A:I97S:I98S:S99R:F100S:D101T:N102M:D103T:G104A:Q105S:Y106T:D107T:V108*:A110P:V112*:T113R:Y114M:E115R:N116T:G117V:T118H:L119Y:Y120T:N121T:R122A:V123L:T124L:V125*:K126R:G127A:T128L:G129V:F130S:K131S:S132Q:N133T:G134A:N135T:I136S:L137W:M139C:R140A:V141F:L142C:Y143T:H144T:S145R:P146H:H148T:A149Q:V150S:Y151I:I152S:L153C:P154L:D155T:R156A:K157R:N158M:G159V:G160A:L161*:K162R:I163L:E164S:Y165I:N166T:K167R:A168P:F169L:D170T:V171Y:L172W:G173A:G174A:G175V:H176T:Q177R:M178W:A179P:R180V:H181T:A182P:Q183S:F184S:N185T:K186S:G189A:A190H:W191G:E192R:E193K:D194I:Y195T:P197L:Y198T:H199T:H200T:L201*:T202Q:V203C:W204G:T205L:S206A:F207S:G208A:D210T:D212M:D213T:D214T:E215R:T216Q:D217I:H218T:T220R:I221S:V222S:E223R:V224S:I225L:K226R:A227P:V228*:D229T:L230W:E231K:T232R:Y233T:R234A,101.58,1,57.00891249,0,TRUE,130,0
K28E:L137P,85.32,1,57,0,FALSE,2,0
N185I:H200L,97.3,1,57.01147831,0,FALSE,2,0
Q94L:Q105R:E164G,26.29,1,1405.506968,0,FALSE,3,0
S65Y:K109E:Y114C,112.42,1,57,0,FALSE,3,0
L63Q:Q88H,422.03,1,171.4599999,0,FALSE,2,0
G6D:I44V:K126*:G208S,103.79,1,57.00334949,0,FALSE,4,0
P77S:W191G,31.27,1,936.6571989,0,FALSE,2,0
N121D,2965.21,5,57.01123446,0,FALSE,1,0
V112*:T113R:Y114M:E115R:N116T:G117V:T118H:L119Y:Y120T:N121T:R122A:V123L:T124P:V125*:K126R:G127A:T128L:G129V:F130S:K131S:S132Q:N133T:G134A:N135T:I136S:L137W:M139C:R140A:V141F:L142C:Y143T:H144T:S145R:P146H:H148T:A149Q:V150S:Y151I:I152S:L153C:P154L:D155T:R156A:K157R:N158M:G159V:G160A:L161*:K162R:I163L:E164S:Y165I:N166T:K167R:A168P:F169L:D170T:V171Y:L172W:G173A:G174A:G175V:H176T:Q177R:M178W:A179P:R180V:H181T:A182P:Q183S:F184S:N185T:K186S:G189A:A190H:W191G:E192R:E193K:D194I:Y195T:P197L:Y198T:H199T:H200T:L201*:T202Q:V203C:W204G:T205L:S206A:F207S:G208A:D210T:D212M:D213T:D214T:E215R:T216Q:D217I:H218T:T220R:I221S:V222S:E223R:V224S:I225L:K226R:A227P:V228*:D229T:L230W:E231K:T232R:Y233T:R234A,124.54,1,57,0,TRUE,115,0
S65Y:Y195H,28.61,1,57,0,FALSE,2,0
Q177L:Y233N,173.32,1,100.8573595,0,FALSE,2,0
K162E:A182V:E231*,101.4,1,57,0,FALSE,3,0
P58T:L119P:I225V,37.18,1,57,0,FALSE,3,0
K28R:I44V:N133D:Q177R,104.93,1,57.00971969,0,FALSE,4,0
E21*:K131R,130.8,1,57,0,FALSE,2,0
Y68C:Y114N:N158K:T232K,104.22,1,57.0061006,0,FALSE,4,0
F169I:T202A:D214Y,78.39,1,57.00016447,0,FALSE,3,0
F71L:L230M,272.9,1,149.0352523,0,FALSE,2,0
G160C:N185I:E223K,62.55,1,57,0,FALSE,3,0
K12N:V108L:H181R:T220A:A227V,25.64,1,57,0,FALSE,5,0
A60V:S65A:D107N:T216A,123.83,1,57,0,FALSE,4,0
I30T:S65F:G174D,113.17,1,57.00262354,0,FALSE,3,0
C50Y:S64T,68.93,1,57,0,FALSE,2,0
H79L:A179S:Y198C,98.16,1,57.00690444,0,FALSE,3,0
D103G:T205S,121.2,1,57.52564914,0,FALSE,2,0
T40S:S67L,115.44,1,57.02380172,0,FALSE,2,0
K32*:A74P:D95G:N102M:D103T:G104A:Q105S:Y106T:D107T:V108*:A110P:V112*:T113R:Y114M:E115R:N116T:G117V:T118H:L119Y:Y120T:N121T:R122A:V123L:T124P:V125*:K126R:G127A:T128L:G129V:F130S:K131S:S132Q:N133T:G134A:N135T:I136S:L137W:M139C:R140A:V141F:L142C:Y143T:H144S:S145R:P146H:H148T:A149Q:V150S:Y151I:I152S:L153C:P154L:D155T:R156A:K157R:N158M:G159V:G160A:L161*:K162R:I163L:E164S:Y165I:N166T:K167R:A168P:F169L:D170T:V171Y:L172W:G173A:G174A:G175V:H176T:Q177R:M178W:A179P:R180V:H181T:A182P:Q183S:F184S:N185T:K186S:G189A:A190H:W191G:E192R:E193K:D194I:Y195T:P197L:Y198T:H199T:H200T:L201*:T202Q:V203C:W204G:T205L:S206A:F207S:G208A:D210T:D212M:D213T:D214T:E215R:T216R:D217I:H218T:T220R:I221S:V222S:E223R:V224S:I225L:K226R:A227P:V228*:D229T:L230W:E231K:T232R:Y233T:R234A,107.62,1,57.00389914,0,TRUE,126,0
Y106N:A179S:T216S,81.25,1,57.00004624,0,FALSE,3,0
A74V:V141G:L153F:E192G,69.92,1,57,0,FALSE,4,0
P56L:K111Q:Y198H,103.21,1,57.3775055,0,FALSE,3,0
G53S:F100S,25.89,1,57,0,FALSE,2,0
I44F,728.5,2,114.7262274,12.8,FALSE,1,0.111569955
A60D:T124I:E164D:T216S,79.07,1,57.0036688,0,FALSE,4,0
R96H:V108G:L137V:T202I,58.25,1,57.00000014,0,FALSE,4,0
L55M:E193V:T205A,76.62,1,57.00172125,0,FALSE,3,0
G104V,90.67,1,57.00000001,0,FALSE,1,0
I80T:D95T:R96A:I97S:I98S:S99R:F100S:D101T:N102M:D103T:G104A:Q105S:Y106T:D107T:V108*:A110P:V112*:T113R:Y114M:E115R:N116T:G117V:T118H:L119Y:Y120T:N121T:R122A:V123L:T124P:V125*:K126R:G127A:T128L:G129V:F130S:K131S:S132Q:N133T:G134A:N135T:I136S:L137W:M139C:R140A:V141F:L142C:Y143T:H144T:S145R:P146H:H148T:A149Q:V150S:Y151I:I152S:L153C:P154L:D155T:R156A:K157R:N158M:G159V:G160A:L161*:K162R:I163L:E164S:Y165I:N166T:K167R:A168P:F169L:D170T:V171Y:L172W:G173A:G174A:G175V:H176T:Q177R:M178W:A179P:R180V:H181T:A182P:Q183S:F184S:N185T:K186S:G189A:A190H:W191G:E192R:E193K:D194I:Y195T:P197L:Y198T:H199T:H200T:L201*:T202Q:V203C:W204G:T205L:S206A:F207S:G208A:D210T:D212M:D213T:D214T:E215R:T216Q:D217I:H218T:T220R:I221S:V222S:E223R:V224S:I225L:K226R:A227P:V228*:D229T:L230W:E231K:T232R:Y233T:R234A,110.05,1,57.00631057,0,TRUE,131,0
C50Y:K131E:K226*,54.84,1,57.00128648,0,FALSE,3,0
G42D:K186E:V222A,46.26,1,57,0,FALSE,3,0
I30T:D38G:G42D,66.85,1,57,0,FALSE,3,0
R140C:N166S:Q177L:Q183L,73.75,1,57.58789783,0,FALSE,4,0
P197T:V203G,141.5,1,57.00988106,0,FALSE,2,0
L3H:M27T:G35V:G37C:C50R,29.23,1,1996.580479,0,FALSE,5,0
E5D:A110D:I136V,117.43,1,57.01245572,0,FALSE,3,0
C50*:Q94H:H144L:P147S:D212H,308.8,1,1988.262876,0,FALSE,5,0
F71L:I80F:N135Y,224.56,1,90.74205252,0,FALSE,3,0
L63Q:V228A,271.55,1,126.8550025,0,FALSE,2,0
E19A:S132P:K226R:A227P:V228*:D229T:L230W:E231K:T232R:Y233T:R234A,111.21,1,57.000218,0,TRUE,11,0
K8E:S67L,103.98,1,57.04705433,0,FALSE,2,0
D103N:L137P,145.46,1,57.00000015,0,FALSE,2,0
A110D:D217V:E231D,104.36,1,57.00333504,0,FALSE,3,0
E223V,1910.77,5,57.00862625,0,FALSE,1,0
T118I:A179V:L230M:Y233*,103.7,1,57.01026756,0,FALSE,4,0
T18A:M139C:R140A:V141F:L142C:Y143T:H144T:S145R:P146H:H148T:A149Q:V150S:Y151I:I152S:L153C:P154L:D155T:R156A:K157R:N158M:G159V:G160A:L161*:K162R:I163L:E164S:Y165I:N166T:K167R:A168P:F169L:D170T:V171Y:L172W:G173A:G174A:G175V:H176T:Q177R:M178W:A179P:R180V:H181T:A182T:Q183S:F184S:N185T:K186S:G189A:A190H:W191G:E192R:E193K:D194I:Y195T:P197L:Y198T:H199T:H200T:L201*:T202Q:V203C:W204G:T205L:S206A:F207S:G208A:D210T:D212M:D213T:D214T:E215R:T216Q:D217I:H218T:T220R:I221S:V222S:E223R:V224S:I225L:K226R:A227P:V228*:D229T:L230W:E231K:T232R:Y233T:R234A,115.27,1,57.00000013,0,TRUE,90,0
Q177R,324.33,4,57.36309255,0.39,FALSE,1,0.006798797
E25D:S65F,120.37,1,57.00809963,0,FALSE,2,0
T61I:S64L,113.22,1,57,0,FALSE,2,0
E21*:T52S:Y92H:L142S:F169L:V171A:T202R:E223D:K226T,134.93,1,57.00249362,0,FALSE,9,0
S65F:T128S:R140L,121.11,1,63.11260818,0,FALSE,3,0
R96S:G127D:N185G:D194G:F207I,149.85,1,57.00805528,0,FALSE,5,0
V70G:L153S:W204R:D229V,115.72,1,57.00766065,0,FALSE,4,0
K167R,5551.81,3,57.02107864,0.02,FALSE,1,0.000350747
N121Y,146.82,2,57.00251197,0,FALSE,1,0
G69S,123.79,1,57.00872451,0,FALSE,1,0
E19*:K32T:G33D:N121I:G138W:Y143L,150.45,1,57,0,FALSE,6,0
T18S:N121H:F184S:N185T:K186S:G189A:A190H:W191G:E192R:E193K:D194I:Y195T:P197L:Y198T:H199T:H200T:L201*:T202Q:V203C:W204G:T205L:S206A:F207S:G208A:D210T:D212M:D213T:D214T:E215R:T216Q:D217I:H218T:T220R:I221S:V222S:E223R:V224S:I225L:K226G:A227R:V228R:D229L:L230G:E231N:T232V:Y233P:R234L,68.01,1,57,0,TRUE,47,0
Y92C:K111*:G117D,140.5,1,57,0,FALSE,3,0
N116K:G159R:Y198N:H200R,140.77,1,57.00049431,0,FALSE,4,0
N116D:V141A:Y165C,30.9,1,135.1944793,0,FALSE,3,0
D103G:H144N,879.94,1,192.8677065,0,FALSE,2,0
F71L:R96C:G134V:G175D,121.11,1,57.01333744,0,FALSE,4,0
G22V:I80N,99.79,1,57,0,FALSE,2,0
L66P:I97T,97.27,1,57.00831779,0,FALSE,2,0
E11G:C50S:H176R:T202I,152.69,1,60.25759759,0,FALSE,4,0
K111E:N133D:N185I:H199N:K226M,30.66,1,57,0,FALSE,5,0
H148L,1761.71,2,115.6861404,2.76,FALSE,1,0.023857655
L20M:D90G:V108M,108.05,1,57.00561813,0,FALSE,3,0
S65P:Y151H:A190V:K209R,124.6,1,57.0082788,0,FALSE,4,0
L3I:A60D,110.1,1,57.00078441,0,FALSE,2,0
K131M:N133S:S145L:A179V,128.95,1,57.00809085,0,FALSE,4,0
I17N:H200Y,294.45,1,170.7033657,0,FALSE,2,0
Y68H,6975.02,6,57.0096048,0,FALSE,1,0
N116Y:L137P,106.68,1,57.00864188,0,FALSE,2,0
L20R:T51I:A74T:D101V:G117S:L119P:K131E:L153M:P187S,135.84,1,57,0,FALSE,9,0
E21V:Y68C:G104V,105.35,1,57.00742848,0,FALSE,3,0
I44F:H144L:N185S:D194N,135.27,1,57,0,FALSE,4,0
E13V:Y68H:F100L,117.6,1,57.00877146,0,FALSE,3,0
S206G:Y233*,161.07,1,61.20991074,0,FALSE,2,0
K8R:V34F:L66P:L153S,128.95,1,57.00017471,0,FALSE,4,0
C50S:D54G:L63Q,718.91,1,176.7182691,0,FALSE,3,0
V108M:G117S:N133T:L161I:H200L,143.29,1,57.0032908,0,FALSE,5,0
K28*:P89S:G134S:G173D:H199R,153.79,1,57,0,FALSE,5,0
D103N:Y143H:L230*,119.91,1,57.00503596,0,FALSE,3,0
Q88L:Y120*:V125M:L161I,144.8,1,57.00039999,0,FALSE,4,0
F71L:S99L:Y106N,137.77,1,57.00809807,0,FALSE,3,0
S145L:L153S,140.33,1,57.48580904,0,FALSE,2,0
K111*:L172M,152.94,1,57,0,FALSE,2,0
I30V:V34I:K75N:Y76T:R78A:H79T:I80L:A81R:D82T:F83S:F84S:K85S:S86P:T87P:Q88N:D90M:G91A:Y92T:S93V:Q94R:D95T:R96A:I97S:I98S:S99R:F100S:D101T:N102M:D103T:G104A:Q105R:Y106T:D107T:V108*:A110P:V112*:T113R:Y114M:E115R:N116T:G117V:T118H:L119Y:Y120T:N121T:R122A:V123L:T124P:V125*:K126R:G127A:T128L:G129V:F130S:K131S:S132Q:N133T:G134A:N135T:I136S:L137W:M139C:R140A:V141F:L142C:Y143T:H144T:S145R:P146H:H148T:A149Q:V150S:Y151I:I152S:L153C:P154L:D155T:R156A:K157R:N158M:G159V:G160A:L161*:K162R:I163L:E164S:Y165I:N166I:K167R:A168P:F169L:D170T:V171Y:L172W:G173A:G174A:G175V:H176T:Q177R:M178W:A179P:R180V:H181T:A182P:Q183S:F184S:N185T:K186S:G189A:A190H:W191G:E192R:E193K:D194I:Y195T:P197L:Y198T:H199T:H200T:L201*:T202Q:V203C:W204G:T205L:S206A:F207S:G208A:D210T:D212M:D213T:D214T:E215R:T216Q:D217I:H218T:T220R:I221S:V222S:E223R:V224S:I225L:K226R:A227P:V228*:D229T:L230W:E231N:T232R:Y233T:R234A,145.12,1,57.00016203,0,TRUE,150,0
L63Q,1259.83,1,186.101135,0,FALSE,1,0
P56T:S64P:R140H:Y143H,72.12,1,57,0,FALSE,4,0
L66P:A74T:Y143C,114.73,1,57.00016477,0,FALSE,3,0
S86T:I136F,346.82,1,140.5631774,0,FALSE,2,0
F71L:F84I:D217V,159.1,1,57.00000045,0,FALSE,3,0
A7T:S67A:K167E,139.02,1,57.00724379,0,FALSE,3,0
E5V:T43I:G69C:S132L:N185S,113.44,1,57.00060329,0,FALSE,5,0
G69A:L142S:N166I,141.48,1,57.00727546,0,FALSE,3,0
V70A:D101E:D107E:K109E:Y198N:F207I,144.91,1,57.00926927,0,FALSE,6,0
S86F:T113R:K167E:V222A,152.99,1,57.21358198,0,FALSE,4,0
H148Y,1248.25,3,57.14189024,0.23,FALSE,1,0.004025068
I31V:L63P:Y68C:Q183H:F184S:N185T:K186S:G189A:A190H:W191G:E192R:E193K:D194I:Y195T:P197L:Y198T:H199T:H200T:L201*:T202Q:V203C:W204G:T205L:S206A:F207S:G208A:D210T:D212V:D213T:D214T:E215R:T216Q:D217I:H218T:T220R:I221S:V222S:E223R:V224S:I225L:K226G:A227R:V228R:D229L:L230G:E231N:T232V:Y233P:R234L,90.29,1,57.00091428,0,TRUE,49,0
N121D:A149V,141.19,1,57.00606153,0,FALSE,2,0
K126*,334.41,2,57.00045379,0,FALSE,1,0
D38N:L63M:Y151F,516.04,1,165.5521549,0,FALSE,3,0
K47R:S64T,157.73,1,57.00269316,0,FALSE,2,0
I44T:R78S:P146L:Q177K:R234S,148.19,1,57.26084774,0,FALSE,5,0
H200R,3347.64,3,57.11351073,0.05,FALSE,1,0.00087545
D54N:V108E:I136T,155.23,1,57.01375914,0,FALSE,3,0
S64P:F100L:V108M,149.11,1,57.00491985,0,FALSE,3,0
D103G:D107V:H218N,159.26,1,57.01458961,0,FALSE,3,0
K47*,701.67,2,57,0,FALSE,1,0
K167E:V203M,151.01,1,57.01234277,0,FALSE,2,0
M27I:D38N:L119P:K126N:I136T:L137W:M139C:R140A:V141F:L142C:Y143T:H144T:S145R:P146H:H148T:A149R:V150S:Y151I:I152S:L153C:P154L:D155T:R156A:K157R:N158M:G159V:G160A:L161*:K162R:I163L:E164S:Y165I:N166T:K167R:A168P:F169L:D170T:V171Y:L172W:G173A:G174A:G175V:H176T:Q177R:M178W:A179P:R180V:H181T:A182P:Q183S:F184S:N185T:K186S:G189A:A190H:W191G:E192R:E193K:D194I:Y195T:P197L:Y198T:H199T:H200T:L201*:T202Q:V203C:W204G:T205L:S206A:F207S:G208A:D210T:D212M:D213T:D214T:E215R:T216Q:D217I:H218T:T220R:I221S:V222S:E223R:V224S:I225L:K226R:A227P:V228*:D229T:L230W:E231K:T232R:Y233T:R234A,174.17,1,57.00050183,0,TRUE,95,0
G22S:T41A:C72A:F73S:A74L:K75N:Y76T:R78A:H79T:I80L:A81R:D82T:F83S:F84S:K85S:S86P:T87P:Q88N:D90M:G91A:Y92T:S93V:Q94R:D95T:R96A:I97S:I98S:S99R:F100S:D101T:N102M:D103T:G104A:Q105S:Y106T:D107T:V108*:A110P:V112*:T113R:Y114M:E115R:N116T:G117V:T118H:L119Y:Y120T:N121T:R122A:V123L:T124P:V125L:K126R:G127A:T128L:G129V:F130S:K131S:S132Q:N133T:G134A:N135T:I136S:L137W:M139C:R140A:V141F:L142C:Y143A:H144T:S145R:P146H:H148T:A149L:V150S:Y151I:I152S:L153C:P154L:D155T:R156A:K157R:N158M:G159V:G160A:L161*:K162R:I163L:E164S:Y165I:N166T:K167R:A168P:F169L:D170T:V171Y:L172W:G173A:G174A:G175V:H176T:Q177R:M178W:A179P:R180V:H181T:A182P:Q183S:F184S:N185T:K186S:G189A:A190H:W191G:E192R:E193K:D194I:Y195T:P197L:Y198T:H199T:H200T:L201*:T202Q:V203C:W204G:T205L:S206A:F207S:G208A:D210T:D212M:D213T:D214T:E215R:T216Q:D217I:H218T:T220R:I221S:V222S:E223R:V224S:I225L:K226R:A227P:V228*:D229T:L230W:E231K:T232R:Y233T:R234A,148.29,1,57.00000006,0,TRUE,153,0
D38E:K75E:E115G:K167E,135.87,1,57.0003842,0,FALSE,4,0
R96H:I97F:N116D,2650.25,1,219.7352068,0,FALSE,3,0
I62F:R180H,135.78,1,57.01617662,0,FALSE,2,0
A60T:K226R:A227P:V228*:D229T:L230W:E231K:T232R:Y233T:R234A,111.11,1,57.00403791,0,TRUE,10,0
D95N:A149E,522.56,1,165.4869293,0,FALSE,2,0
D38N:A60T:G69S,171.72,1,57.00300258,0,FALSE,3,0
G134D:E164D,168.29,1,57.00677995,0,FALSE,2,0
K28*:W59*,172.72,1,57,0,FALSE,2,0
H144D:S145W:P147H,157.04,1,57,0,FALSE,3,0
M27L:H200Y,297.52,1,108.6745925,0,FALSE,2,0
N121D:R140H,127.66,1,57,0,FALSE,2,0
E223G,4260.56,4,106.5036133,15.1,FALSE,1,0.141779227
E13A:T40A:I44T:G53C:F184S:T202A:S206N,142.92,1,57.0004074,0,FALSE,7,0
G37C:I136N:P146S:N166Y,124.89,1,57.0076138,0,FALSE,4,0
T36A:Q177L:A227V:L230S,102.15,1,57,0,FALSE,4,0
E5V:D38Y:I97T:A110D:F169L:D170N,117.95,1,57.00613819,0,FALSE,6,0
D23G:K28E:G33S:K75*,193.09,1,57,0,FALSE,4,0
G69S:V108L,166.33,1,57.00468745,0,FALSE,2,0
R96C,3833.37,4,57.07783959,0.04,FALSE,1,0.000700797
H200R:R234C,163.77,1,57.01263194,0,FALSE,2,0
L63V:A179T:Y233*,177.12,1,57.01809535,0,FALSE,3,0
I30V:T40S:A81G:V203A,1992.69,1,202.4253332,0,FALSE,4,0
V108L:N185D,169.91,1,57.57583507,0,FALSE,2,0
K8E:K32E:T43I:A60V:F71L:Y76*:F100V:L172P:M178V,183.23,1,57.00121545,0,FALSE,9,0
K167E,3021.43,5,57.03323451,0.08,FALSE,1,0.001402691
K28Q:V141A:M178K:T202I,168.52,1,57.49257893,0,FALSE,4,0
K8E:V24I:A46V:L63P:R96S,170.85,1,57.00701363,0,FALSE,5,0
L63P:V70M:Y114C:K167T:L230P,195.42,1,57.04009995,0,FALSE,5,0
T43A:G91S:F100L:G129D:Y143*,216.25,1,57,0,FALSE,5,0
V70M:K109N:L153S:E164V,140.43,1,57.0050202,0,FALSE,4,0
P56S:S64*,233.73,1,57,0,FALSE,2,0
K28*:G35D,178.82,1,57.00417784,0,FALSE,2,0
L3P:K47*:T52I:S145P:Q177K:D210G,213.69,1,57.00020906,0,FALSE,6,0
G26D:N185D:E223V,179.33,1,57.01277366,0,FALSE,3,0
K45*,208.79,1,57,0,FALSE,1,0
S64P:K209I,182.49,1,57.00845352,0,FALSE,2,0
S64L:A149S,173.73,1,57.00778459,0,FALSE,2,0
I44V:G69S:K109N:K111N:E231G,192.42,1,57.00829754,0,FALSE,5,0
C50R:K75*,221.73,1,57.000491,0,FALSE,2,0
E11G:S67P:T202I,184.47,1,57.00001877,0,FALSE,3,0
P77L:G138W:D170E,177.63,1,57.00713573,0,FALSE,3,0
T18A:R96L:P147S:K186M,318.25,1,123.8447879,0,FALSE,4,0
K8M:Y68H:N166I,188.99,1,57.01561286,0,FALSE,3,0
S64L:L230S,196.52,1,57.01546405,0,FALSE,2,0
Q94H:N102K,553.28,1,154.8470008,0,FALSE,2,0
K109*,284.82,2,230.9681408,457.73,FALSE,1,1.981788477
S64P:D90Y,150.45,1,57.40175956,0,FALSE,2,0
I17T:H148T:A149Q:V150S:Y151I:I152S:L153C:P154L:D155T:R156A:K157R:N158M:G159V:G160A:L161*:K162R:I163L:E164S:Y165I:N166T:K167R:A168P:F169L:D170T:V171Y:L172W:G173A:G174A:G175I:H176T:Q177R:M178W:A179P:R180V:H181T:A182P:Q183S:F184S:N185T:K186C:G189A:A190H:W191G:E192R:E193K:D194I:Y195T:P197L:Y198T:H199T:H200T:L201*:T202Q:V203C:W204G:T205L:S206A:F207S:G208A:D210T:D212M:D213T:D214T:E215R:T216Q:D217I:H218T:T220R:I221S:V222S:E223R:V224S:I225L:K226R:A227P:V228*:D229T:L230W:E231K:T232R:Y233T:R234A,196.35,1,57.00159283,0,TRUE,82,0
F130I:K226E,207.18,1,57.00748186,0,FALSE,2,0
K32R:Y68C:F207S:V228I,191.4,1,57.00603712,0,FALSE,4,0
T51S:Y106F:P146L:K167R,201.04,1,57.01438912,0,FALSE,4,0
Y106F:M139V:R180H,206.37,1,57.00813761,0,FALSE,3,0
A60V:R96H,204.55,1,57.02057429,0,FALSE,2,0
A60D:N135D:A179T,193.96,1,57.01193393,0,FALSE,3,0
N121D:L230M,213.87,1,57.03310161,0,FALSE,2,0
K45M:H148L,232.32,1,57.17842706,0,FALSE,2,0
D107A:L137P,203.53,1,57.94353792,0,FALSE,2,0
K28*:L172P,267.42,1,57.00000004,0,FALSE,2,0
I30T:G69S:Y114H:N133D:H144N:Y198H:D214N,200.74,1,57.00712923,0,FALSE,7,0
Y143C:L161I:A190T:Y198H,204.62,1,57.01901881,0,FALSE,4,0
E21*:G129S:K157R,198.03,1,57.00985113,0,FALSE,3,0
Q177R:M178V,215.74,1,57.02084117,0,FALSE,2,0
S65P:D217G,221.32,1,57.00891434,0,FALSE,2,0
L63Q:R78C,990.48,1,165.5019081,0,FALSE,2,0
R96C:W191C,204.93,1,57.01041969,0,FALSE,2,0
G6S:E13V:Y143H:P146Q:A179V,288.22,1,57,0,FALSE,5,0
L3H:T40S:R96S,352.61,1,97.4360138,0,FALSE,3,0
K12R:Q94E,218.58,1,57.01114894,0,FALSE,2,0
V24I:G127V:F169V:L230*,145.42,1,57.00658925,0,FALSE,4,0
G138V:K167E,211.62,1,57.03631611,0,FALSE,2,0
I44T:R96C,213.2,1,57.01283618,0,FALSE,2,0
T41A:L55R:T61S:R96H,230.59,1,57.00572009,0,FALSE,4,0
Y106C:G117S:T124A,197.29,1,57.00527925,0,FALSE,3,0
Y114H:N135S:H200R,116.07,1,57.00002305,0,FALSE,3,0
R96H,5930.21,3,58.37918712,1.31,FALSE,1,0.022439504
L63M:R78S:F100I:H148R:K167Q,98.91,1,57.01884689,0,FALSE,5,0
A60D:R96S:N121H:I136N,222.81,1,57.00481737,0,FALSE,4,0
A60D:G69D,154.6,1,57.0030245,0,FALSE,2,0
S67L,3075.18,4,57.02970861,0.03,FALSE,1,0.000526042
K47*:S67P:I80N:S206N,256.05,1,57.00077567,0,FALSE,4,0
A46V:H144N:P146L:T216S:T232S,253.65,1,57.01240224,0,FALSE,5,0
I62F:S64Q:Q183H,179.62,1,57.00000012,0,FALSE,3,0
T40A:V203G,244.85,1,57.33317045,0,FALSE,2,0
T40A:V70A:F100S:V228A,276.57,1,57.0106358,0,FALSE,4,0
G69D,885.71,2,57.01003605,0,FALSE,1,0
E11K:H181Y,1278.06,1,175.5925524,0,FALSE,2,0
L66M:Y106C:L153M:L230S,223.74,1,57.04355364,0,FALSE,4,0
V70A:R96H:R156S:G208C:L230M,235.3,1,57.0118077,0,FALSE,5,0
R96C:P197T,233.19,1,57.01467082,0,FALSE,2,0
E13G:Y151C:K167N,241.37,1,57.02007132,0,FALSE,3,0
L3H:K47*:R96S:V108A:V125E:F169Y,280.08,1,57.00000071,0,FALSE,6,0
T2A:N185D:T202A,231.01,1,57.00507769,0,FALSE,3,0
S64P:A168T,253.74,1,57.00534928,0,FALSE,2,0
Q94L,945.5,1,156.3061384,0,FALSE,1,0
G26S:V70E:E192D,246.27,1,57.34330194,0,FALSE,3,0
Y106H,2115.34,3,57.01041286,0,FALSE,1,0
R96L,2896.55,3,57.00824534,0,FALSE,1,0
I17V:G42S:Y68C,265.84,1,57.01262915,0,FALSE,3,0
V57A:Q88N:D90M:G91A:Y92T:S93V:Q94R:D95T:R96A:I97S:I98S:S99R:F100S:D101T:N102M:D103T:G104A:Q105S:Y106T:D107T:V108*:A110P:V112*:T113R:Y114M:E115R:N116T:G117V:T118H:L119Y:Y120T:N121T:R122A:V123L:T124P:V125*:K126R:G127A:T128L:G129V:F130S:K131S:S132Q:N133T:G134A:N135T:I136S:L137W:M139C:R140A:V141F:L142C:Y143T:H144T:S145R:P146H:H148T:A149Q:V150S:Y151I:I152S:L153C:P154L:D155T:R156A:K157R:N158M:G159V:G160A:L161*:K162R:I163L:E164S:Y165I:N166T:K167R:A168P:F169L:D170T:V171Y:L172W:G173A:G174A:G175V:H176T:Q177R:M178W:A179P:R180V:H181T:A182P:Q183S:F184S:N185T:K186S:G189A:A190H:W191G:E192R:E193K:D194I:Y195T:P197L:Y198T:H199T:H200T:L201*:T202Q:V203C:W204G:T205L:S206A:F207S:G208A:D210T:D212M:D213T:D214T:E215R:T216Q:D217I:H218T:T220R:I221S:V222S:E223R:V224S:I225L:K226R:A227P:V228*:D229T:L230W:E231K:T232R:Y233T:R234A,273.1,1,57.00208979,0,TRUE,137,0
T205A,781.69,2,64.680884,7.75,FALSE,1,0.119819018
K111*:D194N,319.59,1,57.00000002,0,FALSE,2,0
T51I:Y151D:N185S:V222I,275.66,1,57.29425311,0,FALSE,4,0
H200Y:T220M:T232M,463.27,1,93.99757407,0,FALSE,3,0
M27V:V70A:D101H,273.72,1,57.01350483,0,FALSE,3,0
H200Y,774.94,1,155.9403857,0,FALSE,1,0
R96G,269.75,1,57.01064918,0,FALSE,1,0
V108E:D170G:V222A,277.35,1,57.00906756,0,FALSE,3,0
L3H:L137P:Y151N,300.46,1,57.00256128,0,FALSE,3,0
G33V:S67*:A190T,298.85,1,57.00260582,0,FALSE,3,0
F71L:D229E,529.92,1,109.686136,0,FALSE,2,0
D23V:D107N:T128A:Q177L:T202A,416.36,1,67.23806801,0,FALSE,5,0
Y68N,2414.24,3,57.12115302,0.15,FALSE,1,0.002625997
S93R:R96H:I97T:N121D,296.76,1,57.00696858,0,FALSE,4,0
V171I:Q183H:F184S:N185T:K186S:G189A:A190H:W191G:E192R:E193K:D194I:Y195T:P197L:Y198T:H199T:H200T:L201*:T202Q:V203C:W204G:T205L:S206A:F207S:G208A:D210T:D212M:D213T:D214T:E215R:T216Q:D217I:H218T:T220R:I221S:V222S:E223R:V224S:I225L:K226G:A227R:V228R:D229L:L230G:E231N:T232V:Y233P:R234L,280.19,1,57.0042195,0,TRUE,47,0
K47E:Y68C:G189C,303.83,1,57.00014793,0,FALSE,3,0
G53D:R96L,282.09,1,57.00479536,0,FALSE,2,0
R78L:D103G:*235G,320.49,1,57.007696,0,FALSE,3,0
N133Y:L153S:Y233*,288.81,1,57.01258603,0,FALSE,3,0
K126*:H144D:K157R,350.13,1,57,0,FALSE,3,0
K12N:Y16C:I30T:K167E,295.51,1,57.01770291,0,FALSE,4,0
I44V:G104C:K131M,297.28,1,57.30372872,0,FALSE,3,0
A60D,2266.47,3,57.009326,0,FALSE,1,0
Y106N,1652.66,2,57.00602365,0,FALSE,1,0
G22C:K45M:V125L:Y151H,325.28,1,57.00787155,0,FALSE,4,0
D23E:R96L:K131E:I136N,302.2,1,57.15631164,0,FALSE,4,0
P58S:S93R:R96S:N185S:V222A:D229E,289.46,1,57.00919469,0,FALSE,6,0
Q94H:E193D,994.85,1,157.1292157,0,FALSE,2,0
V70E,314.06,1,57.00983013,0,FALSE,1,0
I31T:R96C:N116D:I221V,306.96,1,57.00613339,0,FALSE,4,0
N135I:E164K,319.95,1,57.16448488,0,FALSE,2,0
Y106H:H181Y,360.23,1,57.00056588,0,FALSE,2,0
A7T:L153M:L219V:D229Y,314.99,1,57.37766231,0,FALSE,4,0
E5V:Q94L:K111I,388.84,1,57,0,FALSE,3,0
C50S:R96H,360.46,1,57.2980926,0,FALSE,2,0
H148Y:Y151F,270.29,1,57.00659511,0,FALSE,2,0
L3P:R96C:G174S,323.35,1,57.41276409,0,FALSE,3,0
M27L:I30T:D107N:I136F:H144Y:K167E:E192V:D194V:W204R,348.8,1,57.00419705,0,FALSE,9,0
D54N:S65P:K131R:L137P,280.89,1,57.01470062,0,FALSE,4,0
Y68H:D103Y,347.22,1,57.00479366,0,FALSE,2,0
S99*:F184I,340.8,1,57.00694202,0,FALSE,2,0
R96C:Y106H,340.92,1,57.01046148,0,FALSE,2,0
Y120N:K167E,338.96,1,57.00703516,0,FALSE,2,0
T124A:H144P:M178I,2248.21,1,185.2347885,0,FALSE,3,0
I62V:A74V:K75N:Y76T:R78A:H79T:I80L:A81R:D82T:F83S:F84S:K85S:S86P:T87P:Q88N:D90M:G91A:Y92R:S93V:Q94R:D95T:R96A:I97S:I98S:S99R:F100S:D101T:N102M:D103T:G104A:Q105S:Y106T:D107T:V108*:A110P:V112*:T113R:Y114M:E115R:N116T:G117V:T118H:L119Y:Y120T:N121T:R122A:V123L:T124P:V125*:K126R:G127A:T128L:G129V:F130S:K131S:S132Q:N133T:G134A:N135T:I136S:L137W:M139C:R140A:V141F:L142C:Y143T:H144T:S145R:P146H:H148T:A149Q:V150S:Y151I:I152S:L153C:P154L:D155T:R156A:K157R:N158M:G159V:G160A:L161*:K162R:I163L:E164S:Y165I:N166T:K167R:A168P:F169L:D170T:V171Y:L172*:G173A:G174A:G175V:H176T:Q177R:M178W:A179P:R180V:H181T:A182P:Q183S:F184S:N185T:K186S:G189A:A190H:W191G:E192R:E193K:D194I:Y195T:P197L:Y198T:H199T:H200T:L201*:T202Q:V203C:W204G:T205L:S206A:F207S:G208A:D210T:D212M:D213T:D214T:E215R:T216Q:D217I:H218T:T220R:I221S:V222S:E223R:V224S:I225L:K226R:A227P:V228*:D229T:L230W:E231K:T232R:Y233T:R234A,416.15,1,57,0,TRUE,150,0
T40I:T41A:R96H:K157M,381.54,1,57.01650603,0,FALSE,4,0
V141D,376.63,1,57.00948231,0,FALSE,1,0
L55M:S65P:V222I,529.09,1,69.01987334,0,FALSE,3,0
Q183E:W191C,335.56,1,57.01492998,0,FALSE,2,0
F71I:F207S,347.54,1,57.00743562,0,FALSE,2,0
T43I:T118I:E231*,350.5,1,57.00667884,0,FALSE,3,0
T61A:P147H,377.59,1,57.00495359,0,FALSE,2,0
N185Y,523.23,2,57.80257873,0.25,FALSE,1,0.004325067
E13K:H200Y,615.82,1,93.70731466,0,FALSE,2,0
G69S:I97V:K167E,372.72,1,57.0060912,0,FALSE,3,0
F71I:K209R,383.85,1,57.28416346,0,FALSE,2,0
A39V:R96C,373.52,1,57.00985968,0,FALSE,2,0
Y16F:E21K:F207L:Y233*,708.39,1,108.5966343,0,FALSE,4,0
T18A:Y68C:F73Y:A190T,372.56,1,57.01470786,0,FALSE,4,0
S67P:Y76*:G117S:L188F,405.97,1,57.00320656,0,FALSE,4,0
A60D:K131T,403.3,1,57.00557288,0,FALSE,2,0
Y68H:R122S:S132P:M178V,370.79,1,57.01468305,0,FALSE,4,0
Y68N:I163T,377.94,1,57.00758657,0,FALSE,2,0
T52S:T205I,384.35,1,57.00177656,0,FALSE,2,0
K12E:R96P:N166I:F207L,390.64,1,57.0059902,0,FALSE,4,0
I44N:V70M,417.19,1,57.70351994,0,FALSE,2,0
A182D:L230*,408.91,1,57.02303167,0,FALSE,2,0
L63M:S64P,386.92,1,57.00905712,0,FALSE,2,0
Y68H:F184V,400.84,1,57.01043557,0,FALSE,2,0
F83I:Q183R,359.5,1,57.00867922,0,FALSE,2,0
M27L:L137P:N166I,397.97,1,57.10645616,0,FALSE,3,0
D103G:K157E,959.31,1,131.3721151,0,FALSE,2,0
K28*:S67P:Q105K:P211S,413.17,1,57.00344178,0,FALSE,4,0
S65P:T202I,403.22,1,57.38295691,0,FALSE,2,0
K45Q:Y68N:P146L,407.43,1,57.00807358,0,FALSE,3,0
S64L:R96H:V112M:Q177L:A182V,402.81,1,57.01031834,0,FALSE,5,0
T41S:H200L:V203A,399,1,57.00622509,0,FALSE,3,0
A110S:E223V,413.94,1,57.24010709,0,FALSE,2,0
L3I:T51S:Y165H:A179V:E215V,394.7,1,57.01104114,0,FALSE,5,0
L172P:T202A,1997.38,1,171.770626,0,FALSE,2,0
Y68C:N135D:Y143H:K167E,409.98,1,57.01110203,0,FALSE,4,0
S64L,2509.58,4,57.03225395,0.06,FALSE,1,0.001052036
G69S:D214G,406.1,1,57.00739479,0,FALSE,2,0
M139V:K157N:Y233*,419.2,1,57.00205347,0,FALSE,3,0
T118I:A182V:A227D,436.65,1,57.0442708,0,FALSE,3,0
S65P:R96H:A149V:E215K,439.78,1,57.01537171,0,FALSE,4,0
K45E:V141D:H144Q:A179V,439.48,1,57.010917,0,FALSE,4,0
L63M:N116K:L230S,471.46,1,57.01276234,0,FALSE,3,0
F71S:H144Q:F207Y,493.96,1,57.00232351,0,FALSE,3,0
Q94L:G173D,1722.96,1,165.1165293,0,FALSE,2,0
T40S:K109R:H148R:E192D,357.28,1,57.19104002,0,FALSE,4,0
L153S:R234P,474.54,1,57.00836024,0,FALSE,2,0
G174S:H181Y,529.84,1,59.18297766,0,FALSE,2,0
P15L:V24I:R96C:F207I,470.44,1,57.01073616,0,FALSE,4,0
V108M:T118I:P146L,489.71,1,57.02124985,0,FALSE,3,0
N133D:N185S:H200L,533.99,1,57.02301783,0,FALSE,3,0
A60D:L142S:L230S,458.56,1,57.0111054,0,FALSE,3,0
N121T:K167E,456.11,1,57.0303058,0,FALSE,2,0
S65T:I221F:L230M,472.7,1,57.00545255,0,FALSE,3,0
Y68H:N158D,479.37,1,57.00838987,0,FALSE,2,0
Y106C:D194Y,452.09,1,57.05791966,0,FALSE,2,0
K45*:K85E:L137Q:G174S:K209I,450.64,1,57.00512808,0,FALSE,5,0
T51A:S64P:L161I:S206R,464.51,1,57.11963916,0,FALSE,4,0
E13G:A74V:Y106C,459.94,1,57.00619433,0,FALSE,3,0
R96H:K111N:E192D,481.82,1,57.01540457,0,FALSE,3,0
V70M:Y120C:K167Q,764.52,1,87.73453693,0,FALSE,3,0
K126R:P147S:L230W,522.6,1,57.01411533,0,FALSE,3,0
V108M:E223D,483.14,1,57.00962961,0,FALSE,2,0
V108M:L230M,482.55,1,57.05784968,0,FALSE,2,0
D38N:K47*:H144N,547.97,1,57.00019234,0,FALSE,3,0
R96C:Y151H:N185Y,480.5,1,57.0077318,0,FALSE,3,0
R96C:D107E,483.05,1,57.00946047,0,FALSE,2,0
A7V:D213G,525.32,1,57.00359806,0,FALSE,2,0
K167E:L188H,492.25,1,57.01157534,0,FALSE,2,0
L63M:L153S,495.16,1,57.00987301,0,FALSE,2,0
V70M:F71L:T205A,510.94,1,57.00702512,0,FALSE,3,0
Y68C:F169Y,504.54,1,57.00800092,0,FALSE,2,0
H148Y:P211A,538.41,1,57.008426,0,FALSE,2,0
T40I:R96C:V228A,521.44,1,57.00368728,0,FALSE,3,0
K131E:K167E,502.09,1,57.01079519,0,FALSE,2,0
I30V:S64P,524.52,1,57.0123126,0,FALSE,2,0
Y68H:K157M,515.49,1,57.00875315,0,FALSE,2,0
T43N:Y68*:F73C:P196H,630.67,1,57.00052717,0,FALSE,4,0
E11K:V108M:H181Y,534.01,1,57.00774274,0,FALSE,3,0
E21V:H148Y:K157E,537.74,1,57.01082454,0,FALSE,3,0
H200N:F207Y,522.52,1,57.00908568,0,FALSE,2,0
Y68D:F100L,523.37,1,57.00994945,0,FALSE,2,0
I98L:V108E:F207I,537.7,1,57.01501694,0,FALSE,3,0
K47*:V112A:H199Y,593.11,1,57.00255987,0,FALSE,3,0
D23V:D54N:Y68C:R156C:H200R,534.56,1,57.0075643,0,FALSE,5,0
K126*:K209N,531.24,1,57.008551,0,FALSE,2,0
E5K:V24I:D103G,2122.6,1,165.770508,0,FALSE,3,0
D23N:T41M:Y68N,549.15,1,57.01178823,0,FALSE,3,0
G159R:D194E:E223G,931.08,1,99.08148491,0,FALSE,3,0
K45M:V108E:K167N,559.38,1,57.27295654,0,FALSE,3,0
A179T:V228E,581.2,1,57.29200744,0,FALSE,2,0
T43S:R96S:Y143C,599.04,1,57.00903406,0,FALSE,3,0
Y143F:E223V,552.03,1,57.02416035,0,FALSE,2,0
L63Q:S67A:P147R:G174D:H200Q,578.72,1,57.50168015,0,FALSE,5,0
S64T:A149V:R180C,797.2,1,63.51297036,0,FALSE,3,0
A7V:H200R,557.43,1,57.39746529,0,FALSE,2,0
V24I:Y198H:A227S,591.79,1,57.01185499,0,FALSE,3,0
K12E:R96C:K111N:N116D:L188F,569.45,1,57.00913552,0,FALSE,5,0
I97V:I98V:N116Y:H148Y,612.71,1,57.01099286,0,FALSE,4,0
E11G:Y151D,618.29,1,57.01128508,0,FALSE,2,0
L66P:V125L,624.64,1,57.00785574,0,FALSE,2,0
K28M:Y68N,606.84,1,57.01022924,0,FALSE,2,0
G69S:D212H,600.53,1,57.01024237,0,FALSE,2,0
E5G:E25K:T40S:A60T:V70A:P146L:V228I,590.56,1,57.06197297,0,FALSE,7,0
T18A:K28E:F71L:R96H,620.23,1,57.01011604,0,FALSE,4,0
R96S,3056.67,1,128.4959451,0,FALSE,1,0
I80V:V108E,644.02,1,57.14656912,0,FALSE,2,0
P4T:N121D:K167R,649.47,1,57.00222492,0,FALSE,3,0
S64P:T124S,613.14,1,57.00988981,0,FALSE,2,0
A46V:Y68C:T118A:R180C,633.39,1,57.01153961,0,FALSE,4,0
T18I:G53C:P146Q,630.99,1,57.00840731,0,FALSE,3,0
R96C:Y233F,646.55,1,57.01545598,0,FALSE,2,0
E164G:Y233H,645.22,1,57.41488569,0,FALSE,2,0
K75I:N158K:K167E:G208S,651.7,1,57.01217592,0,FALSE,4,0
I44T:Y76*:R96P:K186R:I221T:E223G,731.37,1,57.00067071,0,FALSE,6,0
R96P,631.75,1,57.00900473,0,FALSE,1,0
S65F,1853.51,1,57.01125968,0,FALSE,1,0
G104C:L230*,662.43,1,57.00798771,0,FALSE,2,0
P146T:N185D,686.5,1,57.0077991,0,FALSE,2,0
K47*:A60P:H79N:K131R:W191R:D212Y,681.08,1,57.00411779,0,FALSE,6,0
H148L:K186M:T202I,750.61,1,57.32164833,0,FALSE,3,0
S65P:E215K:K226E:E231K,671.03,1,57.0071635,0,FALSE,4,0
L153S:A182T:D213V,695.32,1,57.01332856,0,FALSE,3,0
R96P:E223K,686.09,1,57.01124222,0,FALSE,2,0
Q94E:D107V:Y143N,687.16,1,57.02810659,0,FALSE,3,0
F71I:W204L,714.14,1,57.00764994,0,FALSE,2,0
L153S:H200R,685.96,1,57.01213021,0,FALSE,2,0
C50S:Q183E,702.49,1,57.01235572,0,FALSE,2,0
Y106H:D212N,711.59,1,57.01348799,0,FALSE,2,0
E11G:Y106C:K126N,714.51,1,57.0319997,0,FALSE,3,0
P4T:Q94E,699.78,1,57.01211973,0,FALSE,2,0
S65F:N116K:K126R,681.68,1,57.00872004,0,FALSE,3,0
T43S:Y68F,679.38,1,57.00933671,0,FALSE,2,0
K8T:Y143C:E223V,753.21,1,57.00731615,0,FALSE,3,0
Y106F:H200Y,761.28,1,57.01065734,0,FALSE,2,0
E11V:S64P:Y143F,726.9,1,57.00709234,0,FALSE,3,0
Y68H:R140L,704.32,1,57.01950498,0,FALSE,2,0
Q94E:I97V,730.78,1,57.13557296,0,FALSE,2,0
I97V:A110D:G175C,957.23,1,57.32068829,0,FALSE,3,0
L3I:T51S:A74T:R96C,753.58,1,57.0120851,0,FALSE,4,0
E5V:M27L:Y68H:P187S,788.32,1,57.17400962,0,FALSE,4,0
V141D:A179S,754.88,1,57.02525671,0,FALSE,2,0
S65P:A227G,803.81,1,57.11001799,0,FALSE,2,0
Y68C:G129A,763.81,1,57.10422137,0,FALSE,2,0
E25D:D107E:L153S:R234C,820.87,1,57.00695073,0,FALSE,4,0
Y68H:R96C:R156S:W204R,803.01,1,57.00857374,0,FALSE,4,0
E11D:I136F,1538.27,1,116.7598285,0,FALSE,2,0
G104S:K131E:A179V,784.73,1,57.14417489,0,FALSE,3,0
G69S:S132T:R156S,821.71,1,57.0089806,0,FALSE,3,0
K8E:S132L:H200R,839.16,1,57.13956131,0,FALSE,3,0
I44T:N185D,838.54,1,57.01056638,0,FALSE,2,0
I97L:V123A:K167E:T202A:T205N,799.16,1,57.05140715,0,FALSE,5,0
I30F:K45*:G69S:F100L:V125L,786.96,1,57.00727498,0,FALSE,5,0
T61A:L63Q,860.48,1,57.00776314,0,FALSE,2,0
L66P,938.94,1,57.05466185,0,FALSE,1,0
H181L:K226E,854.29,1,57.08086706,0,FALSE,2,0
V108E,834.34,1,57.00837545,0,FALSE,1,0
I30N:S64P:A227V,840.84,1,57.00664827,0,FALSE,3,0
H200R:V222I,851.02,1,57.12352979,0,FALSE,2,0
S64P:K162E,894.5,1,57.01301705,0,FALSE,2,0
E11D:E223G,1788.57,1,119.7155286,0,FALSE,2,0
V70A:K131R:M178K,873.18,1,57.00671898,0,FALSE,3,0
A7S:D38E:K167E:F169L:P187L,845.39,1,57.11946355,0,FALSE,5,0
S64P:L230M,915.65,1,57.0071595,0,FALSE,2,0
V34D:T40N:V70A:H200Y,896.55,1,57.00912007,0,FALSE,4,0
R96H:D213V,998.02,1,57.02658237,0,FALSE,2,0
S65Y:R96L:R140C:S145T,938.2,1,57.07287732,0,FALSE,4,0
V125M:L153S,1858.35,1,115.0891476,0,FALSE,2,0
G42S:T52S:Y68C:V123I,933.95,1,57.07886943,0,FALSE,4,0
E5K:M27T:T41S:V70G:A182V,1397.89,1,74.02451639,0,FALSE,5,0
R96L:D101V:F207Y,984.62,1,57.02035181,0,FALSE,3,0
I44N:K131Q:L153M:V228A,1024,1,57.00246419,0,FALSE,4,0
E11V:H148Y:F184L,1002.62,1,57.01221744,0,FALSE,3,0
T40A:P146S:H148D:E223G,984.84,1,57.00918788,0,FALSE,4,0
Y106C:E192V,985.1,1,57.16440704,0,FALSE,2,0
T202I:V228E,4652.44,1,166.5323473,0,FALSE,2,0
N121D:Y198C,1032.61,1,57.0139011,0,FALSE,2,0
L63C:S64H:S65P:L66C:S67R:Y68T:G69A:V70C:C72A:F73S:A74L:K75N:Y76T:R78A:H79T:I80L:A81R:D82T:F83S:F84S:K85S:S86P:T87P:Q88N:D90M:G91A:Y92T:S93V:Q94R:D95T:R96A:I97S:I98S:S99R:F100S:D101T:N102M:D103T:G104A:Q105S:Y106T:D107T:V108*:A110P:V112*:T113R:Y114M:E115R:N116T:G117V:T118H:L119Y:Y120T:N121T:R122A:V123L:T124P:V125*:K126R:G127A:T128L:G129V:F130S:K131S:S132Q:N133T:G134A:N135T:I136S:L137W:M139C:R140A:V141F:L142C:Y143T:H144T:S145R:P146H:H148T:A149Q:V150S:Y151I:I152S:L153C:P154L:D155T:R156T:K157R:N158M:G159V:G160A:L161*:K162R:I163L:E164S:Y165I:N166T:K167R:A168P:F169L:D170T:V171Y:L172W:G173A:G174A:G175V:H176T:Q177R:M178W:A179P:R180V:H181T:A182P:Q183S:F184S:N185T:K186S:G189A:A190H:W191G:E192R:E193K:D194I:Y195T:P197L:Y198T:H199T:H200T:L201*:T202Q:V203C:W204G:T205L:S206A:F207S:G208A:D210T:D212M:D213T:D214T:E215R:T216Q:D217I:H218T:T220R:I221S:V222S:E223R:V224S:I225L:K226R:A227P:V228*:D229T:L230W:E231K:T232R:Y233T:R234A,55.15,1,3736.70403,0,TRUE,159,0
G26C:A60T:D95V:R96A:I97S:I98S:S99R:F100S:D101T:N102M:D103T:G104A:Q105S:Y106T:D107T:V108*:A110P:V112*:T113R:Y114M:E115R:N116T:G117V:T118H:L119Y:Y120T:N121T:R122A:V123L:T124P:V125*:K126R:G127A:T128L:G129V:F130S:K131S:S132Q:N133T:G134A:N135T:I136S:L137W:M139C:R140A:V141F:L142C:Y143T:H144T:S145R:P146H:H148A:A149Q:V150S:Y151I:I152S:L153C:P154L:D155T:R156A:K157R:N158M:G159V:G160A:L161*:K162R:I163L:E164S:Y165I:N166T:K167R:A168P:F169L:D170T:V171Y:L172W:G173A:G174A:G175V:H176T:Q177R:M178W:A179P:R180V:H181T:A182P:Q183S:F184S:N185T:K186S:G189A:A190H:W191G:E192R:E193K:D194I:Y195T:P197L:Y198T:H199T:H200T:L201*:T202Q:V203C:W204G:T205L:S206A:F207S:G208A:D210T:D212M:D213T:D214M:E215R:T216Q:D217I:H218T:T220R:I221S:V222S:E223R:V224S:I225L:K226R:A227P:V228*:D229S:L230W:E231K:T232R:Y233T:R234A,52.48,1,3023.40817,0,TRUE,132,0
T124A:L219P,41.46,1,3915.778881,0,FALSE,2,0
Y16F:G22D:H176N,42.57,1,2535.266083,0,FALSE,3,0
F10L:I14N:Y48F:K75N:Y76T:R78A:H79T:I80L:A81R:D82T:F83S:F84S:K85S:S86P:T87P:Q88N:D90M:G91A:Y92T:S93V:Q94R:D95T:R96A:I97S:I98S:S99R:F100S:D101T:N102M:D103T:G104A:Q105S:Y106T:D107T:V108*:A110P:V112*:T113R:Y114M:E115R:N116T:G117V:T118H:L119Y:Y120T:N121T:R122A:V123L:T124P:V125*:K126R:G127A:T128L:G129V:F130S:K131S:S132Q:N133T:G134A:N135T:I136S:L137W:G138D:M139A:V141F:L142V:Y143P:H144L:S145A:P146T:H148R:A149S:V150L:I152L:L153A:P154*:D155P:R156Q:K157E:N158W:G159W:G160L:L161K:K162D:I163*:E164V:Y165*:N166Q:K167G:A168L:F169*:D170R:V171T:L172G:G173R:G174R:G175S:H176P:Q177D:M178G:A179P:R180S:H181R:A182P:Q183V:F184Q:N185Q:K186A:L188W:G189R:A190M:W191G:E192G:E193R:D194*:Y195P:P197L:Y198P:H199P:H200P:L201D:T202S:W204D:T205*:S206L:F207R:G208Q:K209R:D210P:P211R:D212*:D213R:D214R:E215D:T216R:D217S:H218P:L219H:T220D:I221R:V222R:E223G:V224H:I225*:K226G:A227R:V228R:D229L:L230G:E231N:T232V:Y233P:R234L,26.89,1,3515.741533,0,TRUE,153,0
K12*:L20P:A74S,64.95,1,3205.561906,0,FALSE,3,0
T51A:A74T:F83L:Y114*:F207I,25.74,1,2899.543339,0,FALSE,5,0
E13G:I62N:I221V,32.8,1,2233.510693,0,FALSE,3,0
A39V:K126N:E164V:W204L,26.82,1,1419.346585,0,FALSE,4,0
Y16*:D101G,72.24,1,4107.351154,0,FALSE,2,0
I30T:I98F:N133D:S145P,49.17,1,2754.426312,0,FALSE,4,0
Y16*:I44N:A81T,67.72,1,3642.916677,0,FALSE,3,0
L142S:L161I:H181L,5695.72,1,538.5740764,0,FALSE,3,0
L63Q:A81V:D170V,129.64,1,199.3285953,0,FALSE,3,0
K85M:D95Y:N158Y:I221M,92.74,1,4341.33493,0,FALSE,4,0
Y16*:G33D:A39T:K109R:G117S:A227V,63.23,1,3624.437565,0,FALSE,6,0
D107V:K226M,186.89,1,1419.139134,0,FALSE,2,0
F29I:F73Y:Q88*:D101N:H181R,28.71,1,3980.382269,0,FALSE,5,0
I97F,812.84,3,4374.905558,287.32,FALSE,1,0.065674561
A39P:N185D:F207L,184.27,1,271.8960453,0,FALSE,3,0
N185I,326.28,1,246.9828504,0,FALSE,1,0
G6A:A7R:K8S:L9C:F10S:E11R:E13R:I14F:Y16I:I17S:T18P:E19S:L20W:E21R:G22A:D23T:V24*:E25R:G26A:M27*:K28S:F29S:I30S:I31L:K32R:G33A:V34L:G35T:T36L:G37A:D38M:A39P:T40P:T41R:G42A:T43P:I44S:K45R:A46R:K47S:Y48T:I49S:C50A:T51P:T52P:G53A:D54T:L55C:V57C:W59G:A60L:T61P:I62S:L63C:S64H:S65P:L66C:S67R:Y68T:G69A:V70C:C72A:F73S:A74L:K75N:Y76T:R78A:H79T:I80L:A81R:D82T:F83S:F84S:K85S:S86P:T87P:Q88N:D90M:G91A:Y92T:S93V:Q94R:D95T:R96A:I97S:I98S:S99R:F100S:D101T:N102M:D103T:G104V:Q105S:Y106M:D107T:V108*:A110P:V112*:T113R:Y114M:E115R:N116T:G117V:T118H:L119Y:Y120T:N121T:R122A:V123L:T124P:V125*:K126R:G127A:T128L:G129V:F130S:K131S:S132Q:N133T:G134A:N135T:I136S:L137W:M139C:R140A:V141F:L142C:Y143T:H144T:S145R:P146H:H148T:A149Q:V150S:Y151I:I152S:L153C:P154L:D155T:R156A:K157R:N158M:G159V:G160A:L161*:K162R:I163L:E164S:Y165I:N166T:K167R:A168P:F169L:D170T:V171Y:L172W:G173A:G174A:G175V:H176T:Q177R:M178W:A179P:R180V:H181T:A182P:Q183S:F184S:N185T:K186S:G189A:A190H:W191G:E192R:E193K:D194I:Y195T:P197L:Y198T:H199T:H200T:L201R:T202Q:V203C:W204G:T205L:S206A:F207S:G208A:D210T:P211L:D212M:D213T:D214T:E215R:T216Q:D217I:H218T:T220R:I221S:V222S:E223R:V224S:I225L:K226R:A227P:V228W:D229T:L230W:E231K:T232R:Y233T:R234A,28.36,1,4571.370154,0,TRUE,213,0
T18A:G42D,25.17,1,1886.649652,0,FALSE,2,0
E5*:V125A,65.72,1,2285.475725,0,FALSE,2,0
T41A:T87I:L153*:P196S,26.97,1,3922.771371,0,FALSE,4,0
T51I:K75*:Y114H:G138R:M139T,63.79,1,3854.255408,0,FALSE,5,0
L3H:I30N:G42S:R78A:H79T:I80L:A81R:D82T:F83S:F84S:K85S:S86P:T87P:Q88N:D90M:G91A:Y92T:S93V:Q94R:D95T:R96A:I97S:I98S:S99C:F100S:D101T:N102M:D103T:G104A:Q105S:Y106T:D107T:V108*:A110P:V112*:T113R:Y114M:E115R:N116T:G117V:T118H:L119Y:Y120T:N121T:R122A:V123L:T124P:V125*:K126R:G127A:T128L:G129V:F130S:K131S:S132Q:N133T:G134A:N135T:I136S:L137W:M139C:R140A:V141F:L142C:Y143T:H144T:S145R:P146H:H148T:A149Q:V150S:Y151I:I152S:L153C:P154L:D155T:R156A:K157R:N158M:G159V:G160A:L161*:K162R:I163L:E164S:Y165I:N166T:K167R:A168P:F169L:D170T:V171Y:L172W:G173A:G174A:G175V:H176T:Q177R:M178W:A179P:R180V:H181T:A182P:Q183S:F184S:N185T:K186S:G189A:A190H:W191G:E192R:E193K:D194I:Y195T:P197L:Y198T:H199T:H200T:L201*:T202Q:V203C:W204G:T205L:S206A:F207S:G208A:D210T:D212M:D213T:D214T:E215R:T216Q:D217I:H218T:T220R:I221S:V222S:E223R:V224S:I225L:K226R:A227P:V228*:D229T:L230W:E231K:T232R:Y233T:R234A,55.1,1,3689.345551,0,TRUE,149,0
E25*:C50R:L66Q:G159A,30.15,1,4233.31573,0,FALSE,4,0
E19S:L20W:E21R:G22A:D23T:V24*:E25R:G26A:M27*:K28S:F29S:I30S:I31L:K32R:G33A:V34L:G35A:T36L:G37A:D38M:A39P:T40P:T41R:G42A:T43P:I44S:K45R:A46R:K47S:Y48T:I49S:C50A:T51P:T52P:G53A:D54T:L55C:V57C:W59G:A60L:T61P:I62S:L63C:S64H:S65P:L66C:S67R:Y68T:G69T:V70C:C72A:F73S:A74*:K75I:Y76P:R78P:I80C:A81G:D82L:F83L:F84Q:K85V:S86H:T87P:Q88T:P89R:D90W:G91L:Y92Q:Q94G:D95P:R96H:I97H:I98L:S99V:F100R:D101Q:N102*:D103R:G104P:Q105V:Y106R:D107R:V108E:K109S:A110Q:K111S:V112D:T113V:Y114*:N116R:G117Y:L119I:Y120Q:N121P:V123Y:T124R:V125E:K126G:G127H:T128W:G129F:F130Q:K131V:S132K:N133R:G134Q:N135H:I136P:L137G:G138D:M139A:V141F:L142V:Y143P:H144L:S145A:P146T:H148R:A149S:V150L:I152L:L153A:P154*:D155P:R156Q:K157E:N158W:G159W:G160L:L161K:K162D:I163*:E164V:Y165*:N166Q:K167G:A168L:F169*:D170R:V171T:L172G:G173R:G174R:G175S:H176P:Q177D:M178G:A179P:R180S:H181R:A182P:Q183V:F184Q:N185Q:K186A:L188W:G189R:A190M:W191G:E192G:E193R:D194L:Y195P:P197L:Y198P:H199P:H200P:L201D:T202S:W204D:T205*:S206L:F207R:G208Q:K209R:D210P:P211R:D212*:D213R:D214R:E215D:T216R:D217S:H218P:L219Y:T220D:I221R:V222R:E223G:V224H:I225*:K226G:A227R:V228R:D229L:L230G:E231N:T232V:Y233P:R234L,26.25,1,4272.771315,0,TRUE,201,0
K12T:D54N:W59*:V112A:T118I:L230M,33.17,1,4021.594854,0,FALSE,6,0
F73S,56.65,2,797.035801,411.57,FALSE,1,0.516375801
G22D:Y120N,37.73,1,2142.185473,0,FALSE,2,0
C50F:S65F,488.76,1,4475.81241,0,FALSE,2,0
E13*:I14F,116.06,1,3423.274765,0,FALSE,2,0
T41K,797.01,1,4463.097504,0,FALSE,1,0
K75E:Q94*:T202A,71.08,1,3992.415448,0,FALSE,3,0
G6R:I44V:N102Y:K157M:D170G:H181R,25.37,1,1261.565173,0,FALSE,6,0
T61I:L63P:S64V:S65V:L66R:S67R:Y68V:G69L:V70L:F71Q:C72I:F73P:A74P:K75P:Y76H:P77C:R78G:H79L:I80L:A81Q:D82V:F83H:F84P:K85T:S86R:T87W:Q88L:P89Q:D90S:Y92P:S93H:Q94H:D95L:R96V:I97R:I98Q:S99*:F100R:D101P:N102V:D103R:G104R:Q105E:Y106S:D107Q:V108S:K109D:A110V:K111*:V112E:T113R:E115T:N116I:G117Q:T118P:L119R:N121R:R122E:V123G:T124H:V125W:K126F:G127Q:T128V:G129K:F130R:K131Q:S132H:N133P:N135D:I136A:L137R:G138F:M139V:R140P:V141L:L142A:Y143T:H144P:S145R:P146S:P147L:H148Y:A149L:V150A:Y151*:I152P:L153Q:P154E:D155W:R156W:K157L:N158K:G159D:G160*:L161V:K162*:I163Q:E164G:Y165L:N166*:K167R:A168T:F169G:D170R:V171R:L172S:G173P:G174D:H176P:Q177S:M178R:A179P:R180V:H181Q:A182Q:Q183A:F184P:N185W:K186R:P187M:L188G:A190R:W191L:E192P:E193P:D194L:Y195P:Y198D:H199S:H200V:L201D:T202*:V203L:W204R:T205Q:S206R:F207P:G208R:K209*:D210R:P211R:D213R:D214S:E215P:T216Y:H218R:L219R:T220G:I221H:V222*:E223G:V224R:I225R:K226L:A227G:V228N:D229V:L230P:E231L,445.81,1,4628.387878,0,TRUE,160,0
E11*:S64L:N166D,87.16,1,3940.551047,0,FALSE,3,0
E115V:K126R:G127A:T128L:G129V:F130S:K131S:S132Q:N133T:G134A:N135T:I136S:L137W:M139C:R140A:V141F:L142C:Y143T:H144T:S145H:P146H:H148T:A149Q:V150S:Y151I:I152S:L153C:P154L:D155T:R156A:K157R:N158M:G159V:G160A:L161*:K162R:I163L:E164S:Y165I:N166T:K167R:A168P:F169L:D170T:V171Y:L172W:G173A:G174A:G175V:H176T:Q177R:M178W:A179P:R180V:H181T:A182P:Q183S:F184S:N185T:K186S:G189A:A190H:W191G:E192R:E193K:D194I:Y195T:P197L:Y198T:H199T:H200T:L201*:T202Q:V203C:W204G:T205L:S206A:F207S:G208V:D210T:D212M:D213T:D214T:E215R:T216Q:D217I:H218T:T220R:I221S:V222S:E223R:V224S:I225L:K226R:A227P:V228*:D229T:L230W:E231K:T232R:Y233T:R234A,34.38,1,850.6860883,0,TRUE,102,0
L20M:Y76*,67.59,1,2591.061778,0,FALSE,2,0
V141G,480.27,1,269.4085195,0,FALSE,1,0
P58H:T128N:S132P,64.37,1,182.8686879,0,FALSE,3,0
F73L:D213G,27.69,1,2469.787766,0,FALSE,2,0
F130Q:K131V:S132K:N133R:G134Q:N135H:I136P:L137G:G138D:M139A:V141F:L142V:Y143P:H144L:S145A:P146T:H148R:A149S:V150L:I152L:L153A:P154*:D155P:R156Q:K157E:N158W:G159W:G160L:L161K:K162D:I163*:E164V:Y165*:N166Q:K167G:A168L:F169*:D170R:V171T:L172G:G173R:G174R:G175S:H176P:Q177D:M178G:A179P:R180S:H181R:A182P:Q183V:F184Q:N185Q:K186A:L188W:G189R:A190M:W191G:E192G:E193R:D194L:Y195P:P197L:Y198P:H199P:H200P:L201D:T202S:W204D:T205*:S206L:F207R:G208Q:K209R:D210P:P211R:D212*:D213R:D214R:E215D:T216R:D217S:H218P:L219Y:T220D:I221R:V222R:E223G:V224H:I225*:K226G:A227R:V228R:D229L:L230G:E231N:T232V:Y233P:R234L,28.33,1,3225.364955,0,TRUE,99,0
D101N:A149G,27.37,1,1181.02124,0,FALSE,2,0
I62N:D194E:H199Y:P211T:L219H,42.96,1,1956.853797,0,FALSE,5,0
K47N:F100Y:L153S:I163V,30.69,1,2143.295767,0,FALSE,4,0
G22A:D23T:V24*:E25R:G26A:M27*:K28S:F29S:I30T:I31L:K32R:G33A:V34L:G35A:T36L:G37A:D38M:A39P:T40P:T41R:G42A:T43P:I44S:K45R:A46R:K47S:Y48T:I49S:C50A:T51P:T52P:G53A:D54T:L55C:V57C:W59G:A60L:T61P:I62S:L63C:S64H:S65P:L66C:S67R:Y68T:G69A:V70C:C72A:F73S:A74*:K75I:Y76P:R78P:I80C:A81G:D82L:F83L:F84Q:K85V:S86H:T87P:Q88T:P89R:D90W:G91L:Y92Q:Q94G:D95P:R96H:I97H:I98L:S99V:F100R:D101Q:N102*:D103R:G104P:Q105V:Y106R:D107R:V108E:K109S:A110Q:K111S:V112D:T113V:Y114*:N116R:G117Y:L119I:Y120Q:N121P:V123Y:T124R:V125E:K126G:G127H:T128W:G129F:F130Q:K131V:S132K:N133R:G134Q:N135H:I136P:L137G:G138D:M139A:V141F:L142V:Y143P:H144L:S145A:P146T:H148R:A149S:V150L:I152L:L153A:P154*:D155P:R156Q:K157E:N158W:G159W:G160L:L161K:K162D:I163*:E164V:Y165*:N166Q:K167G:A168L:F169*:D170R:V171T:L172G:G173R:G174R:G175S:H176P:Q177D:M178G:A179P:R180S:H181R:A182P:Q183V:F184Q:N185Q:K186A:L188W:G189R:A190M:W191G:E192G:E193R:D194L:Y195P:P197L:Y198P:H199P:H200P:L201D:T202S:W204D:T205*:S206L:F207R:G208Q:K209R:D210P:P211R:D212*:D213R:D214R:E215D:T216R:D217S:H218P:L219Y:T220D:I221R:V222R:E223G:V224H:I225*:K226G:A227R:V228R:D229L:L230G:E231N:T232V:Y233P:R234L,28.83,1,3909.044585,0,TRUE,198,0
K111E:P147T,141.96,1,2879.463411,0,FALSE,2,0
I30S:D95Y:L137P,28.14,1,1402.077049,0,FALSE,3,0
I14T:T43A:F71L:W204C,74.67,1,165.7305292,0,FALSE,4,0
Y48*:T113A:H144N:V150D:H181R:P187H:G189S,28.9,1,2113.436399,0,FALSE,7,0
K8*:L172P,71.41,1,4041.832774,0,FALSE,2,0
F71S:S145T:K226R,27.85,1,828.9082766,0,FALSE,3,0
T2A:L3P:P4T:Y16*:I17V:V34E:T40A:K75Q:P89H:K131E:P154S:L161M:D170E:L172M:P197L:D214G,42.6,1,2390.576976,0,FALSE,16,0
I17T:N102M:D103T:G104A:Q105S:Y106T:D107T:V108*:A110P:V112*:T113R:Y114M:E115R:N116T:G117V:T118H:L119Y:Y120T:N121T:R122A:V123L:T124P:V125*:K126R:G127A:T128L:G129V:F130S:K131S:S132Q:N133T:G134A:N135T:I136S:L137W:M139C:R140A:V141F:L142C:Y143T:H144T:S145R:P146H:H148T:A149Q:V150S:Y151I:I152S:L153C:P154L:D155T:R156A:K157R:N158M:G159V:G160A:L161*:K162R:I163L:E164S:Y165I:N166T:K167R:A168P:F169L:D170T:V171Y:L172W:G173A:G174A:G175V:H176T:Q177I:M178W:A179P:R180V:H181T:A182P:Q183S:F184S:N185T:K186S:G189A:A190H:W191G:E192R:E193K:D194I:Y195T:P197L:Y198T:H199T:H200T:L201*:T202Q:V203C:W204G:T205L:S206A:F207S:G208A:D210T:D212M:D213T:D214T:E215R:T216Q:D217I:H218T:T220R:I221S:V222S:E223R:V224S:I225L:K226R:A227P:V228*:D229T:L230W:E231K:T232R:Y233T:R234A,25.19,1,2822.488944,0,TRUE,124,0
Y48*:N121K:T202S,55.72,1,3686.455248,0,FALSE,3,0
S99*:Y114C:S145L:T220R:I221S:V222S:E223R:V224S:I225L:K226R:A227P:V228*:D229T:L230W:E231K:T232R:Y233T:R234A,34.2,1,2784.746556,0,TRUE,18,0
V171E:A182S:H199N,34.65,1,3167.036955,0,FALSE,3,0
I30V:F73I:D101G:V112*:T113R:Y114M:E115R:N116T:G117V:T118H:L119Y:Y120T:N121T:R122A:V123L:T124P:V125*:K126R:G127A:T128L:G129V:F130S:K131S:S132Q:N133T:G134A:N135T:I136S:L137W:M139C:R140A:V141F:L142C:Y143T:H144T:S145R:P146H:H148T:A149Q:V150P:Y151I:I152S:L153C:P154L:D155T:R156A:K157R:N158M:G159V:G160A:L161*:K162R:I163L:E164S:Y165I:N166T:K167R:A168P:F169L:D170T:V171Y:L172W:G173A:G174A:G175V:H176T:Q177R:M178W:A179P:R180V:H181T:A182P:Q183S:F184S:N185T:K186S:G189A:A190H:W191G:E192R:E193R:D194I:Y195T:P197L:Y198T:H199T:H200T:L201*:T202Q:V203C:W204G:T205L:S206A:F207S:G208A:D210T:D212M:D213T:D214T:E215R:T216Q:D217I:H218T:T220R:I221S:V222S:E223R:V224S:I225L:K226R:A227P:V228*:D229T:L230W:E231K:T232R:Y233T:R234A,64.08,1,3695.74653,0,TRUE,118,0
K32R:G91D:G104V:E164G,25.77,1,1171.985941,0,FALSE,4,0
C50R:G117C,65.35,1,1462.472824,0,FALSE,2,0
I30F:C72F,594.11,1,4059.735435,0,FALSE,2,0
K12*:V34D:K75I:H79R:Y106*:G159D,62.29,1,2732.09195,0,FALSE,6,0
E25V:Y76*:E223K,76.46,1,3814.294246,0,FALSE,3,0
A74T:T128P:G138R,25.5,1,3219.201334,0,FALSE,3,0
L63M:V70L:N121D:H144Y,42.94,1,2981.566245,0,FALSE,4,0
T43S:A74T:K157R:Y198H,25.77,1,2796.546241,0,FALSE,4,0
T18A:P147L,30.1,1,465.1340782,0,FALSE,2,0
P56H:G104D:V222D,32.98,1,6776.212061,0,FALSE,3,0
S99T:E115G:R140C:G208S,26.87,1,2014.743745,0,FALSE,4,0
Y76F:R78A:H79T:I80L:A81R:D82T:F83S:F84S:K85S:S86P:T87P:Q88N:D90M:G91A:Y92T:S93V:Q94R:D95T:R96A:I97S:I98S:S99R:F100S:D101T:N102M:D103T:G104A:Q105S:Y106T:D107T:V108*:A110P:V112*:T113R:Y114M:E115R:N116T:G117V:T118H:L119Y:Y120T:N121T:R122A:V123L:T124P:V125*:K126R:G127A:T128L:G129V:F130S:K131S:S132Q:N133T:G134A:N135T:I136S:L137W:M139C:R140A:V141F:L142C:Y143T:H144T:S145R:P146H:H148T:A149Q:V150S:Y151I:I152S:L153C:P154L:D155T:R156A:K157R:N158M:G159V:G160A:L161*:K162R:I163L:E164S:Y165I:N166T:K167R:A168P:F169L:D170T:V171Y:L172W:G173A:G174A:G175V:H176T:Q177R:M178W:A179P:R180V:H181T:A182P:Q183S:F184S:N185T:K186S:G189A:A190H:W191G:E192R:E193K:D194I:Y195T:P197L:Y198T:H199T:H200T:L201*:T202Q:V203C:W204G:T205L:S206A:F207S:G208A:D210T:D212M:D213T:D214T:E215R:T216Q:D217I:H218T:T220R:I221S:V222S:E223R:V224S:I225L:K226R:A227P:V228*:D229T:L230W:E231K:T232R:Y233T:R234A,25.2,1,3799.502262,0,TRUE,147,0
L3P:T128S:P196L,34.29,1,1002.26315,0,FALSE,3,0
K8*:F10I:C50S:D90E:Y92N,117.72,1,4010.582792,0,FALSE,5,0
L55Q:K75*:E115V:D217Y,40.66,1,2068.777223,0,FALSE,4,0
I62V:L142*,63.53,1,3794.330875,0,FALSE,2,0
E19G:K32R:G33A:V34L:G35A:T36L:G37A:D38M:A39P:T40P:T41R:G42A:T43P:I44S:K45R:A46R:K47S:Y48T:I49S:C50A:T51P:T52P:G53A:D54T:L55C:V57C:W59G:A60L:T61P:I62S:L63C:S64H:S65P:L66C:S67R:Y68T:G69A:V70C:C72A:F73S:A74L:K75N:Y76T:R78A:H79T:I80L:A81R:D82T:F83S:F84S:K85S:S86P:T87P:Q88N:D90M:G91A:Y92T:S93V:Q94R:D95T:R96A:I97S:I98S:S99R:F100S:D101T:N102M:D103T:G104A:Q105S:Y106T:D107T:V108*:A110P:V112*:T113C:Y114M:E115R:N116T:G117V:T118H:L119Y:Y120T:N121T:R122A:V123L:T124P:V125*:K126R:G127A:T128L:G129V:F130S:K131S:S132Q:N133T:G134A:N135T:I136S:L137W:M139C:R140A:V141F:L142C:Y143T:H144T:S145R:P146H:H148T:A149Q:V150S:Y151I:I152S:L153C:P154L:D155T:R156A:K157R:N158M:G159V:G160A:L161*:K162R:I163L:E164G:Y165I:N166T:K167R:A168P:F169L:D170T:V171Y:L172W:G173A:G174A:G175V:H176T:Q177R:M178W:A179P:R180V:H181T:A182P:Q183N:F184S:N185T:K186T:G189A:A190H:W191G:E192R:E193K:D194I:Y195T:P197L:Y198T:H199T:H200S:L201*:T202Q:V203C:W204G:T205L:S206A:F207S:G208A:D210T:D212M:D213T:D214T:E215R:T216Q:D217I:H218T:T220R:I221S:V222S:E223R:V224S:I225L:K226R:A227P:V228*:D229T:L230W:E231K:T232R:Y233T:R234A,30.27,1,4682.560223,0,TRUE,189,0
W59*:Y106H:V222I,82.55,1,3117.743062,0,FALSE,3,0
I30N:G53D:N121S:V222A,33.6,1,1239.10916,0,FALSE,4,0
G35D:A74T,25.57,1,444.0553711,0,FALSE,2,0
E25G:G26A:M27*:K28S:F29S:I30S:I31L:K32R:G33A:V34L:G35A:T36L:D38M:A39P:T40P:T41R:G42A:T43P:I44S:K45R:A46R:K47S:Y48T:I49S:C50A:T51P:T52P:G53A:D54T:L55C:V57C:W59G:A60L:T61P:I62S:L63C:S64H:S65P:L66C:S67R:Y68T:G69A:V70C:C72A:F73S:A74L:K75N:Y76T:R78A:H79T:I80L:A81R:D82T:F83S:F84S:K85C:S86P:T87P:Q88N:D90M:G91A:Y92T:S93V:Q94R:D95T:R96A:I97S:I98S:S99R:F100S:D101T:N102M:D103T:G104A:Q105S:Y106T:D107T:V108*:A110P:V112*:T113R:Y114M:E115R:N116T:G117V:T118R:L119Y:Y120T:N121T:R122A:V123L:T124P:V125*:K126S:G127A:T128L:G129V:F130S:K131S:S132Q:N133T:G134A:N135T:I136S:L137W:M139C:R140A:V141F:L142C:Y143T:H144T:S145R:P146H:H148T:A149Q:V150S:Y151I:I152S:L153C:P154L:D155T:R156A:K157R:N158M:G159V:G160A:L161*:K162R:I163L:E164S:Y165I:N166T:K167R:A168P:F169L:D170T:V171Y:L172W:G173A:G174A:G175V:H176T:Q177R:M178W:A179P:R180V:H181T:A182P:Q183S:F184S:N185T:K186S:G189A:A190H:W191G:E192R:E193K:D194I:Y195T:P197L:Y198T:H199T:H200T:L201*:T202Q:V203C:W204G:T205L:S206A:F207S:G208A:D210T:D212M:D213T:D214T:E215R:T216Q:D217L:H218T:T220R:I221S:V222S:E223R:V224S:I225L:K226R:A227P:V228*:D229T:L230W:E231K:T232R:Y233T:R234A,33.57,1,3282.346679,0,TRUE,194,0
T18S:A60L:T61P:I62S:L63C:S64H:S65P:L66R:S67R:Y68T:G69A:V70C:C72A:F73S:A74Q:K75I:Y76P:R78P:I80C:A81G:D82L:F83L:F84Q:K85V:S86H:T87P:Q88T:P89R:D90W:G91L:Y92Q:Q94G:D95P:R96H:I97H:I98L:S99V:F100R:D101Q:N102*:D103R:G104P:Q105V:Y106R:D107R:V108E:K109S:A110Q:K111S:V112D:T113V:Y114*:N116R:G117N:L119I:Y120Q:N121P:V123Y:T124R:V125E:K126G:G127H:T128W:G129F:F130Q:K131V:S132K:N133R:G134Q:N135H:I136P:L137G:G138D:M139A:V141F:L142V:Y143P:H144L:S145A:P146T:H148R:A149S:V150L:I152L:L153A:P154*:D155P:R156Q:K157E:N158W:G159W:G160L:L161K:K162D:I163*:E164V:Y165*:N166Q:K167G:A168L:F169*:D170R:V171T:L172G:G173R:G174R:G175S:H176P:Q177D:M178G:A179P:R180S:H181R:A182P:Q183V:F184Q:N185Q:K186V:L188W:G189R:A190M:W191G:E192G:E193R:D194L:Y195P:P197L:Y198P:H199P:H200P:L201D:T202S:W204D:T205*:S206L:F207R:G208Q:K209R:D210P:P211R:D212*:D213R:D214R:E215D:T216R:D217S:H218P:L219Y:T220D:I221R:V222R:E223G:V224H:I225*:K226G:A227R:V228R:D229L:L230G:E231N:T232V:Y233P:R234L,92.21,1,3615.089035,0,TRUE,163,0
R122C:L188H,88.93,1,2464.184087,0,FALSE,2,0
L63Q:R140H,65.05,1,150.3632969,0,FALSE,2,0
Y114*,26.83,1,1405.716477,0,FALSE,1,0
L201M:L219H,35.16,1,1227.532749,0,FALSE,2,0
K85*,637.82,1,4617.796314,0,FALSE,1,0
A39S:K85*:E193G:Y233F,57.59,1,3741.695704,0,FALSE,4,0
A39V:Q177L,58.74,1,2556.216262,0,FALSE,2,0
P58L:H181R,25.19,1,487.1629312,0,FALSE,2,0
C50Y:K109E:P146S,31.59,1,1380.469704,0,FALSE,3,0
T87I:D90V:Q105*:H148P:Q177R:M178W:A179P:R180V:H181T:A182P:Q183S:F184S:N185T:K186S:G189A:A190Q:W191G:E192R:E193K:D194I:Y195T:P197L:Y198T:H199T:H200T:L201*:T202Q:V203C:W204G:T205L:S206A:F207S:G208A:D210T:D212M:D213T:D214T:E215R:T216Q:D217I:H218T:T220R:I221S:V222S:E223R:V224S:I225L:K226R:A227P:V228*:D229T:L230W:E231K:T232R:Y233T:R234A,26.2,1,2634.690355,0,TRUE,56,0
E13R:I14F:Y16I:I17S:T18P:E19S:L20W:E21S:G22A:D23T:V24*:E25R:G26A:M27*:K28S:F29S:I30S:I31L:K32R:G33A:V34L:G35A:T36L:G37A:D38M:A39P:T40P:T41R:G42A:T43P:I44S:K45R:A46R:K47S:Y48T:I49S:C50A:T51P:T52P:G53A:D54T:L55C:V57C:W59G:A60L:T61P:I62S:L63C:S64H:S65P:L66C:S67R:Y68T:G69A:V70C:C72A:F73S:A74L:K75N:Y76T:R78A:H79T:I80L:A81R:D82T:F83S:F84S:K85S:S86P:T87P:Q88N:D90M:G91A:Y92T:S93V:Q94R:D95T:R96A:I97S:I98S:S99R:F100S:D101T:N102M:D103T:G104A:Q105S:Y106T:D107T:V108*:A110P:V112*:T113R:Y114M:E115R:N116T:G117V:T118Y:L119Y:Y120T:N121T:R122A:V123L:T124P:V125*:K126R:G127A:T128L:G129V:F130S:K131S:S132R:N133T:G134A:N135T:L137W:M139C:R140A:V141F:L142C:Y143T:H144T:S145R:P146H:H148T:A149Q:V150S:Y151I:I152S:L153C:P154L:D155T:R156A:K157R:N158M:G159V:G160A:L161*:K162R:I163L:E164S:Y165I:N166T:K167R:A168P:F169L:D170T:V171Y:L172R:G173A:G174A:G175V:H176T:Q177R:M178W:A179P:R180V:H181T:A182P:Q183S:F184S:N185T:K186S:G189A:A190H:W191G:E192R:E193K:D194I:Y195T:P197L:Y198T:H199T:H200T:L201*:T202Q:V203C:W204G:T205L:S206A:F207S:G208A:D210T:D212M:D213T:D214T:E215R:T216Q:D217I:H218T:T220R:I221S:V222S:E223R:V224S:I225L:K226R:A227P:V228*:D229T:L230W:E231K:T232R:Y233T:R234A,31.72,1,2560.500387,0,TRUE,205,0
T40I:K45R:K47R:C50Y:N166S:W204*,53.61,1,2914.071522,0,FALSE,6,0
Y120H:H176Y:D229G:L230S,637.25,1,265.3410223,0,FALSE,4,0
D90Y:L201Q,26.62,1,1360.81078,0,FALSE,2,0
G53C:G134V:R140G:P147H,28.24,1,3631.750361,0,FALSE,4,0
W59G:A60L:T61P:I62S:L63C:S64H:S65P:L66C:S67R:Y68T:G69A:V70C:C72A:F73S:A74L:K75N:Y76T:R78A:H79T:I80L:A81R:D82T:F83S:F84S:K85S:S86P:T87P:Q88N:D90M:G91A:Y92T:S93V:Q94R:D95T:R96A:I97S:I98S:S99R:F100S:D101T:N102M:D103T:G104A:Q105S:Y106T:D107T:V108*:A110P:V112*:T113R:Y114M:E115R:N116M:G117V:T118H:L119Y:Y120T:N121T:R122A:V123L:T124P:V125*:K126R:G127A:T128L:G129V:F130S:K131S:S132Q:N133T:G134A:N135T:I136S:L137W:M139R:R140A:V141F:L142C:Y143T:H144T:S145R:P146H:H148T:A149Q:V150S:Y151I:I152S:L153C:P154L:D155T:R156A:K157R:N158M:G159V:G160A:L161*:K162R:I163L:E164S:Y165I:N166T:K167R:A168P:F169L:D170T:V171Y:L172W:G173A:G174A:G175V:H176T:Q177R:M178W:A179P:R180V:H181T:A182P:Q183S:F184S:N185T:K186S:G189A:A190H:W191G:E192R:E193K:D194I:Y195T:P197L:Y198T:H199T:H200T:L201*:T202Q:V203C:W204G:T205L:S206A:F207S:G208A:D210T:D212M:D213T:D214T:E215R:T216Q:D217I:H218T:T220R:I221S:V222S:E223R:V224S:I225L:K226R:A227P:V228*:D229T:L230W:E231K:T232R:Y233T:R234A,26.89,1,3902.839872,0,TRUE,163,0
H148Q,1735.74,2,281.1954732,1.12,FALSE,1,0.003982994
I30T:G33S:A39T,27,1,393.4818696,0,FALSE,3,0
D23V:P196T,31.82,1,2672.985764,0,FALSE,2,0
E5G:F100L:H218D,39.3,1,2258.208087,0,FALSE,3,0
I31V:V70M:R140C,138.33,1,1895.158233,0,FALSE,3,0
Y16*:M27T,80.32,1,3000.29991,0,FALSE,2,0
K8*:K12R:I31F:N116D:T118I,26.9,1,3002.80514,0,FALSE,5,0
G33S:G35D:P146L,31.7,1,2449.80155,0,FALSE,3,0
D23G:F84Y:T124P:V125*:K126R:G127A:T128L:G129V:F130S:K131S:S132Q:N133T:G134A:N135T:I136S:L137W:M139C:R140A:V141F:L142C:Y143T:H144T:S145R:P146H:H148T:A149Q:V150S:Y151I:I152S:L153C:P154L:D155T:R156A:K157R:N158M:G159V:G160A:L161*:K162R:I163L:E164S:Y165I:N166T:K167R:A168P:F169L:D170T:V171Y:L172W:G173A:G174A:G175V:H176T:Q177R:M178W:A179P:R180V:H181T:A182P:Q183S:F184S:N185T:K186S:G189A:A190H:W191G:E192R:E193K:D194I:Y195T:P197L:Y198T:H199T:H200T:L201*:T202Q:V203C:W204G:T205L:S206A:F207S:G208A:D210T:D212M:D213T:D214T:E215R:T216Q:D217I:H218T:T220R:I221S:V222S:E223R:V224S:I225L:K226R:A227P:V228*:D229T:L230W:E231K:T232R:Y233T:R234A,32.19,1,3926.232253,0,TRUE,105,0
Q94R,33.97,1,1424.260143,0,FALSE,1,0
L20P:C50G:S86P:I97T:V112M:L119H:Y120T:N121T:R122A:V123L:T124P:V125*:K126R:G127A:T128L:G129V:F130S:K131S:S132Q:N133T:G134A:N135T:I136S:L137W:M139C:R140A:V141F:L142C:Y143T:H144T:S145R:P146H:H148T:A149Q:V150S:Y151I:I152S:L153C:P154L:D155T:R156A:K157R:N158M:G159V:G160A:L161*:K162R:I163L:E164S:Y165I:N166T:K167R:A168P:F169L:D170T:V171Y:L172W:G173A:G174A:G175V:H176T:Q177R:M178W:A179P:R180V:H181T:A182P:Q183S:F184S:N185T:K186S:G189A:A190H:W191G:E192R:E193K:D194I:Y195T:P197L:Y198T:H199T:H200T:L201*:T202Q:V203C:W204G:T205L:S206A:F207S:G208A:D210T:D212M:D213T:D214T:E215R:T216Q:D217I:H218T:T220R:I221S:V222S:E223R:V224S:I225L:K226R:A227P:V228*:D229T:L230W:E231K:T232R:Y233T:R234A,44.98,1,4230.37716,0,TRUE,113,0
V24I:F100T:D101T:N102M:D103T:G104A:Q105S:Y106T:D107T:V108*:A110P:V112*:T113R:Y114M:E115R:N116T:G117V:T118H:L119Y:Y120T:N121A:R122A:V123L:T124P:V125*:K126R:G127A:T128L:G129V:F130S:K131S:S132Q:N133T:G134A:N135T:I136S:L137W:M139C:R140A:V141F:L142C:Y143T:H144T:S145R:P146H:H148T:A149Q:V150S:Y151V:I152S:L153C:P154L:D155T:R156A:K157R:N158M:G159V:G160A:L161*:K162R:I163L:E164S:Y165I:N166T:K167R:A168P:F169L:D170T:V171Y:L172W:G173A:G174A:G175V:H176T:Q177R:M178W:A179P:R180V:H181T:A182P:Q183S:F184S:N185T:K186S:G189A:A190H:W191G:E192R:E193K:D194I:Y195T:P197L:Y198T:H199T:H200T:L201R:T202Q:V203C:W204G:T205L:S206A:F207S:G208A:D210T:D212M:D213T:D214T:E215R:T216Q:D217I:H218T:T220R:I221S:V222S:E223R:V224S:I225F:K226R:A227P:V228*:D229T:L230W:E231K:T232R:Y233T:R234A,95.86,1,2908.362452,0,TRUE,126,0
K47E:D212Y,340.65,1,3729.762326,0,FALSE,2,0
L20Q:V57C:W59G:A60L:T61P:I62S:L63C:S64H:S65P:L66C:S67R:Y68T:G69A:V70C:C72A:F73S:A74Q:K75I:Y76P:R78P:I80C:A81G:D82L:F83L:F84Q:K85V:S86H:T87P:Q88T:P89R:D90W:G91L:Y92Q:Q94G:D95P:R96H:I97H:I98L:S99V:F100R:D101R:N102*:D103R:G104P:Q105V:Y106R:D107R:V108E:K109S:A110Q:K111S:V112D:T113V:Y114*:N116R:G117Y:L119I:Y120Q:N121P:V123Y:T124R:V125E:K126G:G127H:T128W:G129F:F130Q:K131V:S132K:N133R:G134Q:N135H:I136P:L137G:G138D:M139A:V141F:L142V:Y143P:H144L:S145A:P146T:H148R:A149S:V150L:I152L:L153A:P154*:D155P:R156Q:K157E:N158W:G159W:G160L:L161K:K162G:I163*:E164V:Y165*:N166Q:K167G:A168L:F169*:D170R:V171T:L172G:G173R:G174R:G175S:H176P:Q177D:M178G:A179P:R180S:H181R:A182P:Q183V:F184Q:N185Q:K186A:L188W:G189R:A190M:W191G:E192G:E193R:D194L:Y195P:P197L:Y198P:H199P:H200P:L201D:T202S:W204D:T205*:S206L:F207R:G208Q:K209R:D210P:P211R:D212*:D213R:D214R:E215D:T216R:D217S:H218P:L219Y:T220D:I221R:V222R:E223G:V224H:I225*:K226G:A227R:V228R:D229L:L230G:E231N:T232V:Y233P:R234L,52.82,1,3248.323413,0,TRUE,165,0
I49T:H144Q:E164G,625.63,1,327.5886275,0,FALSE,3,0
W59*:F71L:Q177R,67.91,1,3511.09409,0,FALSE,3,0
K85*:N135T:L137P:L142C:Y143T:H144T:S145R:P146H:H148T:A149Q:V150S:Y151I:I152S:L153C:P154L:D155T:R156A:K157R:N158M:G159V:G160A:L161*:K162R:I163L:E164S:Y165I:N166T:K167R:A168P:F169L:D170T:V171Y:L172W:G173A:G174A:G175V:H176T:Q177R:M178W:A179P:R180V:H181T:A182P:Q183S:F184S:N185T:K186S:G189A:A190H:W191G:E192R:E193K:D194I:Y195T:P197L:Y198T:H199T:H200T:L201*:T202Q:V203C:W204G:T205L:S206A:F207S:G208A:D210T:D212M:D213T:D214T:E215R:T216Q:D217M:H218T:T220R:I221S:V222S:E223R:V224S:I225L:K226R:A227P:V228*:D229T:L230W:E231K:T232R:Y233T:R234A,54.29,1,4181.330061,0,TRUE,89,0
V125E:W191R,28.89,1,2539.897047,0,FALSE,2,0
T41A:P56L:Y120H:V125M:V222A,55.18,1,1834.152068,0,FALSE,5,0
G6D:E11*:V57M:L137P,120.63,1,3400.921154,0,FALSE,4,0
D38N:S64*:D82G:T87I:S93G,87.52,1,3366.055613,0,FALSE,5,0
E13R:I14F:Y16I:I17S:T18P:E19S:L20W:E21R:G22A:D23T:V24*:E25R:G26A:M27*:K28S:F29S:I30S:I31L:K32R:G33A:V34L:G35A:T36L:G37A:D38M:A39P:T40P:T41R:G42A:T43P:I44S:K45R:A46R:K47S:Y48T:I49S:C50A:T51P:T52P:G53A:D54T:L55C:V57C:P58H:W59G:A60L:T61P:I62S:L63C:S64H:S65P:L66C:S67R:Y68K:G69A:V70C:C72A:F73S:A74*:K75I:Y76P:R78P:I80C:A81G:D82L:F83L:F84Q:K85V:S86H:T87P:Q88T:P89R:D90W:G91L:Y92Q:Q94G:D95P:R96H:I97H:I98L:S99V:F100R:D101Q:N102*:D103R:G104P:Q105V:Y106R:D107R:V108E:K109S:A110Q:K111S:V112D:T113V:Y114*:N116R:G117Y:L119I:Y120Q:N121P:V123Y:T124R:V125E:K126G:G127H:T128W:G129F:F130Q:K131V:S132K:N133R:G134Q:N135H:I136P:L137G:G138D:M139A:V141F:L142V:Y143P:H144L:S145A:P146T:H148R:A149S:V150L:I152L:L153A:P154*:D155P:R156Q:K157E:N158W:G159W:G160L:L161K:K162D:I163*:E164V:Y165*:N166Q:K167G:A168L:F169*:D170R:V171T:L172G:G173R:G174R:G175S:H176P:Q177D:M178G:A179P:R180S:H181R:A182P:Q183V:F184Q:N185Q:K186A:L188W:G189R:A190M:W191G:E192G:E193R:D194L:Y195P:P197L:Y198P:H199P:H200P:L201D:T202S:W204D:T205*:S206L:F207R:G208Q:K209R:D210P:P211R:D212*:D213R:D214R:E215D:T216R:D217S:H218P:L219Y:T220D:I221R:V222R:E223G:V224H:I225*:K226G:A227R:V228R:D229L:L230G:E231N:T232V:Y233P:R234L,68.08,1,3797.908908,0,TRUE,207,0
K126*:K131M:R140C:E164V:N185S:L230M,130.02,1,4173.748133,0,FALSE,6,0
L20P:P77S,38.99,1,2473.088831,0,FALSE,2,0
E11D:Y165H,728.8,1,357.8391145,0,FALSE,2,0
V108A:V112A:I136M,29.41,1,1620.460965,0,FALSE,3,0
T40S:Q94L:V150L:F207L,122.53,1,212.8446801,0,FALSE,4,0
T18I:S65T,805.45,1,334.2908877,0,FALSE,2,0
S64V:T113M:G174D:F207Y,28.24,1,2492.391072,0,FALSE,4,0
E11K:L63R,27.06,1,1558.357475,0,FALSE,2,0
E21*:D95V:N102D:N116Y:G138R,95.68,1,3766.08531,0,FALSE,5,0
T52I:M178V:H218R,26.6,1,57,0,FALSE,3,0
A81V:F84L:S93N:E193G,35.08,1,569.8104481,0,FALSE,4,0
C50S:W59*:G69S:A74T,72.3,1,3048.515928,0,FALSE,4,0
K45R:S67P:A110P:V112*:T113G:Y114M:E115R:N116T:G117V:T118H:L119Y:Y120T:N121T:R122A:V123L:T124P:V125*:K126R:G127A:T128L:G129V:F130S:K131S:S132Q:N133K:G134A:N135A:I136S:L137W:M139C:R140A:V141F:L142C:Y143T:H144T:S145R:P146H:H148T:A149Q:V150S:Y151I:I152S:L153C:P154L:D155T:R156A:K157R:N158M:G159V:G160A:L161*:K162R:I163L:E164S:Y165I:N166T:K167R:A168P:F169L:D170T:V171Y:L172W:G173A:G174A:G175V:H176T:Q177R:M178W:A179P:R180V:H181T:A182P:Q183S:F184S:N185T:K186S:G189A:A190H:W191G:E192R:E193K:D194I:Y195T:P197L:Y198T:H199T:H200T:L201*:T202Q:V203C:W204G:T205L:S206A:F207S:G208A:D210T:D212M:D213T:D214T:E215R:T216Q:D217I:H218T:T220R:I221S:V222S:E223R:V224S:I225L:K226R:A227P:V228*:D229T:L230W:E231K:T232R:Y233T:R234A,36.42,1,4244.74716,0,TRUE,118,0
Y16I:I17S:T18P:E19S:L20W:E21R:G22A:D23T:V24*:E25R:G26A:M27*:K28S:F29S:I30S:I31L:K32R:G33A:V34L:G35A:T36L:G37A:D38M:A39P:T40P:T41R:G42A:T43P:I44S:K45R:A46R:K47S:Y48T:I49S:C50A:T51P:T52P:G53A:D54T:L55C:V57C:W59G:A60L:T61P:I62S:L63C:S64H:S65P:L66C:S67R:Y68T:G69A:V70C:C72A:F73S:A74L:K75N:Y76T:R78A:H79T:I80L:A81R:D82T:F83S:F84S:K85S:S86P:T87P:Q88N:D90M:G91A:Y92T:S93V:Q94R:D95T:R96A:I97S:I98S:S99R:F100S:D101T:N102M:D103T:G104A:Q105S:Y106T:D107T:V108*:A110P:V112*:T113R:Y114M:E115R:N116T:G117V:T118H:L119Y:Y120T:N121T:R122A:V123L:T124P:V125*:K126R:G127A:T128L:G129V:F130S:K131S:S132Q:N133T:G134A:N135T:I136S:L137W:M139C:R140A:V141F:L142C:Y143T:H144T:S145R:P146H:H148T:A149Q:V150S:Y151I:I152S:L153C:P154L:D155T:R156A:K157R:N158M:G159V:G160A:L161*:K162R:I163L:E164S:Y165I:N166T:K167R:A168P:F169L:D170T:V171Y:L172W:G173A:G174A:G175V:H176T:Q177R:M178W:A179P:R180V:H181T:A182P:Q183S:F184S:N185T:K186S:G189A:A190H:W191G:E192R:E193K:D194I:Y195T:P197L:Y198T:H199T:H200T:L201*:T202Q:V203C:W204G:T205L:S206A:F207S:G208A:D210T:D212M:D213T:D214T:E215R:T216Q:D217I:H218T:T220R:I221S:V222S:E223R:V224S:I225L:K226R:A227P:V228*:D229T:L230W:E231K:T232R:Y233T:R234A,55.53,1,2625.189045,0,TRUE,204,0
I31D:S86Y,28.29,1,1748.917844,0,FALSE,2,0
H148T:A149Q:V150S:Y151I:I152S:L153C:P154L:D155T:R156A:K157R:N158M:G159V:G160A:L161*:K162R:I163L:E164S:Y165I:N166T:K167R:A168P:F169L:D170T:V171Y:L172W:G173A:G174A:G175V:H176T:Q177R:M178W:A179P:R180V:H181T:A182P:Q183S:F184S:N185T:K186S:G189A:A190H:W191E:E192R:E193K:D194I:Y195T:P197L:Y198T:H199T:H200T:L201*:T202Q:V203C:W204G:T205L:S206A:F207S:G208A:D210T:D212M:D213T:D214T:E215R:T216Q:D217I:H218T:T220R:I221S:V222S:E223R:V224S:I225L:K226R:A227P:V228*:D229T:L230W:E231K:T232R:Y233T:R234A,32.15,1,4317.047791,0,TRUE,81,0
T87I:P154S,28.67,1,4509.913399,0,FALSE,2,0
T87S:V141L:V171L:L219P,25.66,1,404.5551085,0,FALSE,4,0
V108E:H148R,29.79,1,456.7485069,0,FALSE,2,0
V112*:T113R:Y114M:E115R:N116T:G117V:T118H:L119Y:Y120T:N121T:R122A:V123L:T124P:V125*:K126R:G127A:T128L:G129V:F130S:K131S:S132R:N133T:G134A:N135T:I136S:L137W:M139C:R140A:V141F:L142S:Y143T:H144T:S145R:P146H:H148T:A149Q:V150S:Y151I:I152S:L153C:P154L:D155T:R156A:K157R:N158M:G159V:G160A:L161*:K162R:I163L:E164S:Y165I:N166T:K167R:A168P:F169L:D170T:V171Y:L172W:G173A:G174A:G175V:H176T:Q177R:M178W:A179P:R180V:H181T:A182P:Q183S:F184S:N185T:K186S:G189A:A190H:W191G:E192R:E193K:D194I:Y195T:P197L:Y198T:H199T:H200T:L201*:T202Q:V203C:W204G:T205L:S206A:F207S:G208A:D210T:D212M:D213T:D214T:E215R:T216Q:D217I:H218T:T220R:I221S:V222S:E223R:V224S:I225L:K226R:A227P:V228*:D229T:L230W:E231K:T232R:Y233T:R234A,39.56,1,2697.946658,0,TRUE,115,0
D103G,1756.44,2,258.7731289,11.49,FALSE,1,0.044401828
K28*:L66M:A168V:Q177P,46.22,1,2850.770057,0,FALSE,4,0
G26S:W59*:F84I,101.71,1,3809.542392,0,FALSE,3,0
K85*:F207S:Y233H,30.05,1,1529.816617,0,FALSE,3,0
S99P:E115G:K126E:K167E:E215G,29.24,1,57,0,FALSE,5,0
I62V:R78H:P89L:D170V:T202S,25.49,1,3975.226393,0,FALSE,5,0
L3P:G33A:F73Y:Y92N:K131*,31.17,1,4194.144888,0,FALSE,5,0
I62T:M139I:G159D:V222A,29.65,1,1227.547228,0,FALSE,4,0
K12*:N135D:L142S:R156H:Q177R,71.43,1,3741.767687,0,FALSE,5,0
G22D:D82T:F83S:F84S:K85S:S86P:T87P:Q88N:D90M:G91A:Y92T:S93V:Q94R:D95T:R96A:I97S:I98S:S99R:F100S:D101T:N102M:D103T:G104A:Q105S:Y106T:D107T:V108*:A110P:V112*:T113R:Y114M:E115R:N116T:G117V:T118H:L119Y:Y120T:N121T:R122A:V123L:T124P:V125*:K126R:G127A:T128L:G129V:F130S:K131S:S132Q:N133T:G134A:N135T:I136S:L137W:M139C:R140A:V141F:L142S:Y143T:H144T:S145R:P146H:H148T:A149Q:V150S:Y151I:I152S:L153C:P154L:D155T:R156A:K157R:N158M:G159V:G160A:L161*:K162R:I163L:E164S:Y165I:N166T:K167R:A168P:F169L:D170T:V171Y:L172W:G173A:G174A:G175V:H176T:Q177R:M178W:A179P:R180V:H181T:A182P:Q183S:F184*:N185Q:K186A:L188W:G189H:A190M:W191G:E192G:E193R:D194L:Y195P:P197L:Y198P:H199P:H200P:L201D:T202S:W204D:T205Q:S206L:F207Q:G208Q:K209R:D210P:P211R:D212*:D213R:D214R:E215D:T216R:D217S:H218P:L219Y:T220D:I221R:V222R:E223G:V224H:I225*:K226G:A227R:V228R:D229L:L230G:E231N:T232V:Y233P:R234L,27.31,1,3452.847456,0,TRUE,146,0
W59*:Q88H:T113R,36.52,1,2661.554748,0,FALSE,3,0
L63Q:R180H,50.74,1,146.5538948,0,FALSE,2,0
A39V:K45M:I62F:K111*:V141G:I152N:W204R,132.4,1,3835.464422,0,FALSE,7,0
K8E:T41S:C50G:H79P:S86F:E115G:I136T,25.35,1,57,0,FALSE,7,0
N121T:R122A:V123L:T124P:V125*:K126R:G127A:T128L:G129V:F130S:K131S:S132Q:N133T:G134A:N135T:I136S:L137W:M139C:R140A:V141F:L142C:Y143T:H144T:S145R:P146H:H148T:A149Q:V150S:Y151I:I152S:L153C:P154L:D155T:R156A:K157R:N158M:G159V:G160A:L161*:K162R:I163L:E164S:Y165I:N166T:K167R:A168P:F169L:D170T:V171Y:L172W:G173A:G174A:G175V:H176T:Q177R:M178W:A179P:R180V:H181T:A182P:Q183S:F184S:N185T:K186S:G189A:A190H:W191G:E192R:E193*:D194I:Y195T:P197L:Y198T:H199T:H200T:L201*:T202Q:V203C:W204G:T205L:S206A:F207S:G208A:D210T:D212M:D213T:D214T:E215R:T216Q:D217I:H218T:T220R:I221S:V222S:E223R:V224S:I225L:K226R:A227P:V228*:D229T:L230W:E231K:T232R:Y233T:R234A,78.63,1,4106.171422,0,TRUE,106,0
E11G:I14F:T52A:D101V:E192K,27.89,1,1006.091235,0,FALSE,5,0
K12N:G91A,43.78,1,1779.105249,0,FALSE,2,0
A81T:Q88N:D90M:G91A:Y92T:S93V:Q94R:D95T:R96A:I97S:I98S:S99R:F100S:D101T:N102M:D103T:G104A:Q105S:Y106T:D107T:V108*:K109M:A110P:V112*:T113R:Y114M:E115R:N116T:G117V:T118H:L119Y:Y120T:N121T:R122A:V123L:T124P:V125*:K126R:G127A:T128L:G129V:F130S:K131S:S132Q:N133T:G134A:N135T:I136S:L137W:M139C:R140A:V141F:L142C:Y143T:H144T:S145R:P146H:H148T:A149Q:V150S:Y151I:I152S:L153C:P154L:D155T:R156A:K157R:N158M:G159V:G160A:L161*:K162R:I163L:E164S:Y165I:N166T:K167R:A168P:F169L:D170T:V171Y:L172W:G173A:G174A:G175V:H176T:Q177R:M178W:A179P:R180V:H181T:A182P:Q183S:F184S:N185T:K186S:G189A:A190H:W191G:E192R:E193K:D194I:Y195T:P197L:Y198T:H199T:H200T:L201*:T202Q:V203C:W204G:T205L:S206A:F207S:G208A:D210T:D212M:D213T:D214T:E215R:T216Q:D217I:H218T:T220R:I221S:V222S:E223R:V224S:I225L:K226R:A227P:V228*:D229T:L230W:E231K:T232R:Y233T:R234A,78.84,1,3686.564148,0,TRUE,138,0
K28*:E223K,66.71,1,3657.797287,0,FALSE,2,0
K85*:S86P,42.68,1,4544.784827,0,FALSE,2,0
T18I:L20Q:G26C:V125M,32.84,1,75.23673144,0,FALSE,4,0
T61P:V125A:H144Y:K167Q:E223V,36.26,1,3486.056179,0,FALSE,5,0
G22V:A60L:T61P:I62S:L63C:S64H:S65P:L66C:S67R:Y68T:G69A:V70C:C72A:F73S:A74Q:K75I:Y76P:R78P:I80C:A81*:D82L:F83L:F84Q:K85V:S86H:T87P:Q88T:P89R:D90W:G91L:Y92Q:Q94G:D95P:R96H:I97H:I98L:S99V:F100R:D101Q:N102*:D103R:G104P:Q105V:Y106R:D107R:V108E:K109S:A110Q:K111S:V112D:T113V:Y114*:N116R:G117Y:L119I:Y120Q:N121P:V123Y:T124R:V125E:K126G:G127H:T128W:G129F:F130Q:K131V:S132K:N133R:G134Q:N135H:I136P:L137G:G138D:M139A:V141F:L142V:Y143P:H144L:S145A:P146T:H148R:A149S:V150L:I152L:L153A:P154*:D155P:R156Q:K157E:N158W:G159W:G160L:L161N:K162D:I163*:E164V:Y165*:N166Q:K167G:A168L:F169*:D170R:V171T:L172G:G173R:G174R:G175S:H176P:Q177D:M178G:A179P:R180S:H181R:A182P:Q183V:F184Q:N185Q:K186A:L188W:G189R:A190M:W191G:E192G:E193R:D194L:Y195P:P197L:Y198P:H199P:H200P:L201D:T202S:W204D:T205*:S206L:F207R:G208Q:K209R:D210P:P211R:D212*:D213R:D214R:E215D:T216R:D217S:H218P:L219Y:T220D:I221R:V222R:E223G:V224H:I225*:K226G:A227R:V228R:D229L:L230G:E231N:T232V:Y233P:R234L,27.71,1,3672.487102,0,TRUE,163,0
G91C:N102K:D103T:G104A:Q105S:Y106T:D107T:V108*:A110P:V112*:T113R:Y114M:E115R:N116T:G117V:T118H:L119Y:Y120T:N121T:R122A:V123L:T124P:V125*:K126R:G127A:T128L:G129V:F130S:K131S:S132Q:N133T:G134A:N135T:I136S:L137R:M139C:R140A:V141F:L142C:Y143T:H144T:S145R:P146H:H148T:A149Q:V150S:Y151I:I152S:L153C:P154L:D155T:R156A:K157R:N158M:G159V:G160A:L161*:K162R:I163L:E164S:Y165I:N166T:K167R:A168P:F169L:D170T:V171Y:L172W:G173A:G174A:G175V:H176T:Q177R:M178W:A179P:R180V:H181T:A182P:Q183S:F184S:N185T:K186S:G189A:A190H:W191G:E192R:E193K:D194I:Y195T:P197L:Y198T:H199T:H200T:L201*:T202Q:V203C:W204G:T205L:S206A:F207S:G208A:D210T:D212M:D213T:D214T:E215R:T216Q:D217I:H218T:T220R:I221S:V222S:E223R:V224S:I225L:K226R:A227P:V228*:D229T:L230W:E231K:T232R:Y233T:R234A,44.3,1,3624.126807,0,TRUE,124,0
G33V:V70M:M178L:V203A,29.61,1,4257.821975,0,FALSE,4,0
L20P:G33V:I80T:Q105*:G117D,110.99,1,3638.876496,0,FALSE,5,0
V34L:A39V:R96H:K126M:V141A,29.49,1,821.838437,0,FALSE,5,0
K28E:A74T:K85E:N121D:F169I:G173S:E215K,40.71,1,2562.39349,0,FALSE,7,0
E11V:D101G:K209N:V222D,29.01,1,166.336117,0,FALSE,4,0
S64T:H148L:K157E:F169I:H199Q,27.97,1,4149.707715,0,FALSE,5,0
N121S:W191C,27.24,1,342.5171714,0,FALSE,2,0
D103N:Y114*:Q177L,88.23,1,3550.024891,0,FALSE,3,0
L20M:A46S,552.3,1,4241.06813,0,FALSE,2,0
G69D:Q88*:K109*:K131M,25.52,1,1313.582033,0,FALSE,4,0
L9P:G42C:V57M:A110T,31.02,1,2855.674657,0,FALSE,4,0
T52P:Y68F:Q88R:I98V:D103V,35.57,1,4653.190031,0,FALSE,5,0
A81G:A110V:M139I:H148T:A149Q:V150S:Y151I:I152S:L153C:P154L:D155T:R156A:K157R:N158M:G159V:G160A:L161*:K162R:I163L:E164S:Y165I:N166T:K167R:A168P:F169L:D170T:V171Y:L172W:G173A:G174A:G175V:H176T:Q177R:M178W:A179P:R180V:H181T:A182P:Q183S:F184S:N185T:K186S:G189A:A190H:W191G:E192R:E193K:D194I:Y195T:P197L:Y198T:H199T:H200T:L201*:T202Q:V203C:W204G:T205L:S206A:F207S:G208A:D210T:D212M:D213T:D214T:E215G:T216Q:D217I:H218T:T220R:I221S:V222S:E223R:V224S:I225L:K226R:A227P:V228*:D229T:L230W:E231K:T232R:Y233T:R234A,28.37,1,2127.309942,0,TRUE,84,0
L3F:T40A:T43A:S132*:T205I,64.96,1,3167.068683,0,FALSE,5,0
K226*,83.62,1,423.3945689,0,FALSE,1,0
R78A:H79T:I80L:A81R:D82T:F83S:F84S:K85S:S86P:T87P:Q88N:D90M:G91A:Y92T:S93V:Q94R:D95T:R96A:I97S:I98S:S99R:F100S:D101T:N102M:D103T:G104A:Q105S:Y106T:D107T:V108*:A110P:V112*:T113R:Y114M:E115R:N116T:G117V:T118H:L119Y:Y120T:N121T:R122A:V123L:T124P:V125*:K126R:G127A:T128L:G129V:F130S:K131S:S132Q:N133T:G134A:N135T:I136S:L137W:M139C:R140A:V141F:L142C:Y143T:H144T:S145R:P146H:H148T:A149Q:V150S:Y151I:I152S:L153C:P154L:D155T:R156A:K157R:N158M:G159V:G160A:L161*:K162R:I163L:E164S:Y165I:N166T:K167R:A168P:F169L:D170T:V171Y:L172W:G173A:G174A:G175V:H176T:Q177R:M178W:A179P:R180V:H181T:A182P:Q183S:F184S:N185T:K186S:G189A:A190H:W191G:E192R:E193K:D194I:Y195T:P197L:Y198T:H199T:H200T:L201*:T202Q:V203C:W204G:T205L:S206A:F207S:G208A:D210T:D212M:D213T:D214T:E215R:T216Q:D217I:H218T:T220R:I221S:V222S:E223R:V224S:I225L:K226R:A227P:V228*:D229T:L230W:E231K:T232R:Y233T:R234A,27.19,1,3698.161028,0,TRUE,146,0
F29L:A39D:P197T:I225F,31.07,1,1472.062042,0,FALSE,4,0
E25G:G26D:K45M:S65P:D103G:F169S,28.63,1,4030.635776,0,FALSE,6,0
W59*:G175S,56.87,1,3207.131565,0,FALSE,2,0
K12*:G174C,183.07,1,3800.968259,0,FALSE,2,0
I62N:R234C,43.49,1,4324.876904,0,FALSE,2,0
K12N:E21R:G22A:D23T:V24*:E25R:G26A:M27*:K28S:F29S:I30S:I31L:K32R:G33A:V34L:G35A:T36L:G37A:D38M:A39P:T40P:T41R:G42A:T43P:I44S:K45R:A46R:K47S:Y48T:I49S:C50A:T51P:T52P:G53A:D54T:L55C:V57C:W59G:A60L:T61P:I62S:L63C:S64H:S65P:L66C:S67R:Y68T:G69A:V70C:C72A:F73S:A74*:K75I:Y76P:R78P:I80C:A81G:D82L:F83L:F84Q:K85V:S86H:T87P:Q88T:P89R:D90W:G91L:Y92Q:Q94G:D95P:R96H:I97H:I98L:S99V:F100R:D101Q:N102*:D103R:G104P:Q105V:Y106*:D107R:V108E:K109S:A110Q:K111S:V112D:T113V:Y114*:N116R:G117Y:L119I:Y120Q:N121P:V123Y:T124R:V125E:K126G:G127H:T128W:G129F:F130Q:K131V:S132K:N133R:G134Q:N135H:I136P:L137G:G138D:M139A:V141F:L142V:Y143P:H144L:S145A:P146T:H148R:A149S:V150L:I152L:L153A:P154*:D155P:R156Q:K157E:N158W:G159W:G160L:L161K:K162D:I163*:E164V:Y165*:N166Q:K167G:A168L:F169*:D170R:V171T:L172E:G173R:G174R:G175S:H176P:Q177D:M178G:A179P:R180S:H181R:A182P:Q183V:F184Q:N185Q:K186A:L188W:G189R:A190M:W191G:E192G:E193R:D194L:Y195P:P197L:Y198P:H199P:H200P:L201D:T202S:W204D:T205*:S206L:F207R:G208Q:K209R:D210P:P211R:D212*:D213R:D214R:E215D:T216R:D217S:H218P:L219Y:T220D:I221R:V222R:E223G:V224H:I225*:K226G:A227R:V228R:D229L:L230G:E231N:T232V:Y233P:R234L,82.34,1,3159.245879,0,TRUE,200,0
D103G:N158K,44.12,1,147.5152358,0,FALSE,2,0
G22A:D23T:V24*:E25R:G26A:M27W:K28S:F29S:I30S:I31L:K32R:G33A:V34L:G35A:T36L:G37A:D38M:A39P:T40P:T41R:G42A:T43P:I44S:K45R:A46R:K47S:Y48T:I49S:C50A:T51P:T52P:G53A:D54T:L55C:V57C:W59G:A60L:T61P:I62S:L63C:S64H:S65P:L66C:S67R:Y68T:G69A:V70C:C72A:F73S:A74*:K75I:Y76P:R78P:I80C:A81G:D82L:F83L:F84Q:K85V:S86H:T87P:Q88T:P89R:D90W:G91L:Y92Q:Q94G:D95P:R96H:I97H:I98L:S99V:F100R:D101Q:N102*:D103G:G104P:Q105V:Y106R:D107R:V108E:K109S:A110*:K111S:V112D:T113V:Y114*:N116R:G117Y:L119I:Y120Q:N121P:V123Y:T124R:V125E:K126G:G127H:T128W:G129F:F130Q:K131V:S132K:N133R:G134Q:N135H:I136P:L137G:G138D:M139A:V141F:L142V:Y143P:H144L:S145A:P146T:H148R:A149S:V150L:I152L:L153A:P154*:D155P:R156Q:K157E:N158W:G159W:G160L:L161K:K162D:I163*:E164V:Y165*:N166Q:K167G:A168L:F169*:D170R:V171T:L172G:G173R:G174R:G175S:H176P:Q177D:M178G:A179P:R180S:A182P:Q183V:F184Q:N185Q:K186A:L188W:G189R:A190M:W191G:E192G:E193R:D194L:Y195P:P197L:Y198P:H199P:H200P:L201D:T202S:W204D:T205*:S206L:F207R:G208Q:K209R:D210P:P211R:D212*:D213R:D214R:E215D:T216R:D217S:H218P:L219Y:T220D:I221R:V222R:E223G:V224H:I225*:K226G:A227R:V228R:D229L:L230G:E231N:T232V:Y233P:R234L,90.32,1,3445.491304,0,TRUE,197,0
V24I:G91V:T124I,25.22,1,3791.352048,0,FALSE,3,0
I30V:A39D:G91D:F100C,50.29,1,2392.923832,0,FALSE,4,0
F71V:K85M:H200Q,40.9,1,2306.738332,0,FALSE,3,0
L20P:F83L:Y114F:Y143C,25.11,1,1053.218843,0,FALSE,4,0
G26S:C72A:F73S:A74L:K75N:Y76T:R78A:H79T:I80L:A81R:D82T:F83S:F84S:K85S:S86P:T87P:Q88N:D90M:G91A:Y92T:S93V:Q94R:D95T:R96A:I97S:I98S:S99R:F100S:D101T:N102M:D103T:G104A:Q105S:Y106T:D107T:V108*:A110P:V112*:T113R:Y114M:E115R:N116T:G117V:T118H:L119Y:Y120T:N121T:R122A:V123L:T124P:V125*:K126R:G127A:T128L:G129V:F130P:K131S:S132Q:N133T:G134A:N135T:I136S:L137W:M139C:R140A:V141F:L142C:Y143T:H144T:S145R:P146H:H148T:A149Q:V150S:Y151V:I152S:L153C:P154L:D155T:R156A:K157R:N158M:G159V:G160A:L161*:K162R:I163L:E164S:Y165I:N166T:K167R:A168P:F169L:D170T:V171Y:L172W:G173A:G174A:G175V:H176T:Q177R:M178W:A179P:R180V:H181T:A182P:Q183S:F184S:N185T:K186S:G189A:A190H:W191G:E192R:E193K:D194I:Y195T:P197L:Y198T:H199T:H200T:L201*:T202Q:V203C:W204G:T205L:S206A:F207S:G208A:D210T:D212M:D213T:D214T:E215R:T216Q:D217I:H218T:T220R:I221S:V222S:E223R:V224S:I225L:K226R:A227P:V228*:D229T:L230W:E231K:T232R:Y233T:R234A,25.83,1,1870.712919,0,TRUE,152,0
D107V:Y165H,92.81,1,234.2035326,0,FALSE,2,0
V34I:D54A:G159V:G160A:L161*:K162R:I163L:E164S:Y165I:N166T:K167R:A168P:F169*:D170R:V171T:L172G:G173R:G174R:G175S:H176P:Q177D:M178G:A179P:R180S:H181R:A182P:Q183V:F184Q:N185Q:K186A:L188W:G189R:A190M:W191G:E192G:E193R:D194L:Y195P:P197L:Y198P:H199P:H200P:L201D:T202S:W204D:T205*:S206L:F207R:G208Q:K209R:D210P:P211R:D212*:D213R:D214R:E215D:T216R:D217S:H218P:L219Y:T220D:I221R:V222R:E223G:V224H:I225*:K226G:A227R:V228R:D229L:L230G:E231N:T232V:Y233P:R234L,63.51,1,4017.452623,0,TRUE,75,0
F73Y:D107N:V171I:Y198H,29.66,1,581.7685768,0,FALSE,4,0
Y16N:G26A:M27*:K28S:F29S:I30S:I31L:K32R:G33A:V34L:G35A:T36L:G37A:D38M:A39P:T40P:T41R:G42A:T43P:I44S:K45R:A46R:K47S:Y48T:I49S:C50A:T51P:T52P:G53A:D54T:L55C:V57C:W59G:A60L:T61P:I62S:L63C:S64H:S65P:L66C:S67R:Y68T:G69A:V70C:C72A:F73S:A74*:K75I:Y76P:R78P:I80C:A81G:D82L:F83L:F84Q:K85V:S86H:T87P:Q88T:P89R:D90W:G91L:Y92Q:Q94G:D95P:R96H:I97H:I98L:S99V:F100R:D101Q:N102*:D103R:G104P:Q105V:Y106R:D107R:V108E:K109S:A110Q:K111S:V112D:T113V:Y114*:N116R:G117Y:L119I:Y120Q:N121P:V123Y:T124R:V125E:K126G:G127H:T128W:G129F:F130Q:K131V:S132K:N133R:G134Q:N135H:I136P:L137G:G138D:M139A:V141F:L142V:Y143P:H144L:S145A:P146T:H148R:A149S:V150L:I152L:L153A:P154*:D155P:R156Q:K157E:N158W:G159W:G160L:L161K:K162D:I163*:E164V:Y165*:N166Q:K167G:A168L:F169*:D170R:V171T:L172G:G173R:G174R:G175S:H176P:Q177D:M178G:A179P:R180S:H181R:A182P:Q183V:F184Q:N185Q:K186A:L188W:G189R:A190M:W191G:E192G:E193R:D194L:Y195P:P197L:Y198P:H199P:H200P:L201D:T202S:W204D:T205*:S206L:F207R:G208Q:K209R:D210P:P211R:D212*:D213R:D214R:E215D:T216R:D217S:H218P:L219Y:T220D:I221R:V222R:E223G:V224H:I225*:K226G:A227R:V228R:D229L:L230G:E231N:T232V:Y233P:R234L,31.65,1,3919.486442,0,TRUE,195,0
G69D:Y106H:K109*:S145P,29.84,1,531.8029918,0,FALSE,4,0
I44F:I97T:H199Q,25.47,1,1458.400468,0,FALSE,3,0
F10L:L20P:L55Q:W59*,56.78,1,2594.303761,0,FALSE,4,0
M27T:I62N:F84L:E192G:W204R,34.46,1,2626.983096,0,FALSE,5,0
V108R,1561.29,1,4599.483679,0,FALSE,1,0
I62T:S64T:P147S,32.88,1,1011.661747,0,FALSE,3,0
E21V:K167Q,6390.92,1,1501.008004,0,FALSE,2,0
I14N:L153S,47.84,1,990.4746273,0,FALSE,2,0
Y16*:D213E,74.8,1,2900.775897,0,FALSE,2,0
T1S:Y16I:I17S:T18P:E19S:L20W:E21R:G22A:D23T:V24*:E25R:G26A:M27*:K28S:F29S:I30P:I31L:K32R:G33A:V34L:G35A:T36L:G37A:D38M:A39P:T40P:T41R:G42A:T43P:I44S:K45R:A46R:K47S:Y48T:I49S:C50A:T51P:T52P:G53A:D54T:L55C:V57C:W59G:A60L:T61P:I62S:L63C:S64H:S65P:L66C:S67R:Y68T:G69A:V70C:C72A:F73S:A74L:K75N:Y76T:R78A:H79T:I80L:A81R:D82T:F83S:F84S:K85S:S86P:T87P:Q88N:D90M:G91A:Y92T:S93V:Q94R:D95T:R96T:I97S:I98S:S99R:F100S:D101T:N102M:D103T:G104A:Q105S:Y106T:D107T:V108*:A110P:V112*:T113R:Y114M:E115R:N116T:G117V:T118H:L119F:Y120T:N121T:R122A:V123L:T124P:V125*:K126R:G127A:T128L:G129V:F130S:K131S:S132Q:N133T:G134A:N135T:I136S:L137R:M139C:R140A:V141F:L142C:Y143T:H144T:S145R:P146H:H148T:A149Q:V150S:Y151I:I152S:L153C:P154L:D155T:R156A:K157R:N158M:G159V:G160A:L161*:K162R:I163L:E164S:Y165I:N166T:K167R:A168P:F169L:D170T:V171Y:L172W:G173V:G174A:G175V:H176A:Q177R:M178W:A179P:R180V:H181T:A182P:Q183S:F184S:N185T:K186S:G189A:A190H:W191G:E192R:E193K:D194I:Y195T:P197L:Y198T:H199T:H200T:L201*:T202Q:V203C:W204G:T205L:S206A:F207S:G208A:D210T:D212M:D213T:D214T:E215R:T216Q:D217I:H218T:T220R:I221S:V222S:E223R:V224S:I225L:K226R:A227P:V228*:D229T:L230W:E231K:T232R:Y233T:R234A,78.37,1,2539.336222,0,TRUE,205,0
Q88L:G104D:V112E:F130S,25.27,1,3989.998432,0,FALSE,4,0
S67*:L230S,88.41,1,3633.321739,0,FALSE,2,0
P15H:T52I:F84S:K85M:V112*:T113R:Y114M:E115R:N116T:G117V:T118H:L119Y:Y120T:N121T:R122A:V123L:T124P:V125*:K126R:G127A:T128L:G129V:F130S:K131S:S132Q:N133T:G134A:N135T:I136S:L137W:M139C:R140A:V141S:L142C:Y143T:H144T:S145R:P146H:H148T:A149Q:V150S:Y151I:I152S:L153C:P154L:D155T:R156A:K157R:N158M:G159V:G160A:L161*:K162R:I163L:E164S:Y165I:N166T:K167R:A168P:F169L:D170T:V171Y:L172W:G173A:G174A:G175V:H176T:Q177R:M178W:A179P:R180V:H181T:A182P:Q183S:F184S:N185T:K186S:G189A:A190H:W191G:E192R:E193K:D194I:Y195T:P197L:Y198T:H199T:H200T:L201*:T202Q:V203C:W204G:T205L:S206A:F207S:G208A:D210T:D212M:D213T:D214T:E215R:T216Q:D217I:H218T:T220R:I221S:V222S:E223R:V224S:I225L:K226R:A227P:V228*:D229T:L230R:E231K:T232R:Y233T:R234A,87.99,1,3696.117833,0,TRUE,119,0
G37D:L137P:E164G:L188F:A190V:P196L:T216A,29.8,1,3293.01027,0,FALSE,7,0
K32N:N121D:G138R:V171I:L230M,25.73,1,1265.798329,0,FALSE,5,0
V34I:H148T:A149Q:V150S:Y151I:I152S:L153C:P154L:D155T:R156A:K157R:N158M:G159V:G160A:L161*:K162R:I163L:E164S:Y165I:N166T:K167R:A168P:F169L:D170T:V171Y:L172W:G173A:G174A:G175V:H176T:Q177R:M178W:A179P:R180V:H181T:A182P:Q183S:F184S:N185T:K186S:G189A:A190H:W191G:E192R:E193K:D194I:Y195T:P197L:Y198T:H199T:H200T:L201*:T202Q:V203C:W204G:T205L:S206A:F207S:G208A:D210T:D212M:D213T:D214T:E215R:T216Q:D217I:H218T:T220R:I221S:V222S:E223R:V224S:I225L:K226R:A227P:V228*:D229T:L230W:E231K:T232R:Y233T:R234A,35.39,1,747.8163509,0,TRUE,82,0
I17V:G117D,616.6,1,4222.348514,0,FALSE,2,0
G22A:D23T:V24*:E25R:G26A:M27*:K28S:F29S:I30S:I31L:K32R:G33A:V34L:G35A:T36L:G37A:D38M:A39P:T40P:T41R:G42A:T43P:I44S:K45R:A46R:K47S:Y48T:I49S:C50A:T51P:T52P:G53A:D54T:L55C:P56T:V57C:W59G:A60L:T61P:I62S:L63C:S64H:S65P:L66C:S67R:Y68T:G69A:V70C:C72A:F73S:A74L:K75N:Y76T:R78A:H79T:I80L:A81R:D82T:F83S:F84S:K85S:S86P:T87P:Q88N:D90M:G91A:Y92T:S93V:Q94R:D95T:R96A:I97S:I98S:S99R:F100S:D101T:N102V:D103T:G104A:Q105S:Y106T:D107T:V108*:A110P:V112*:T113R:Y114M:E115R:N116T:G117V:T118N:L119Y:Y120T:N121T:R122A:V123L:T124P:V125*:K126R:G127A:T128L:G129V:F130S:K131S:S132E:N133T:G134A:N135T:I136S:L137W:M139C:R140A:V141F:L142C:Y143T:H144T:S145R:P146H:H148T:A149Q:V150S:Y151I:I152S:L153C:P154L:D155T:R156A:K157R:N158M:G159V:G160A:L161*:K162R:I163L:E164S:Y165I:N166T:K167R:A168P:F169L:D170T:V171Y:L172W:G173A:G174A:G175V:H176T:Q177R:M178W:A179P:R180V:H181T:A182P:Q183S:F184S:N185T:K186S:G189A:A190H:W191G:E192R:E193K:D194I:Y195T:P197L:Y198T:H199T:H200T:L201*:T202Q:V203C:W204G:T205L:S206A:F207S:G208A:D210T:D212M:D213T:D214T:E215R:T216Q:D217I:H218T:T220R:I221S:V222S:E223R:V224S:I225L:K226R:A227P:V228*:D229T:L230W:E231K:T232R:Y233T:R234A,27.12,1,2826.680566,0,TRUE,199,0
Y48*:Y76*,39.31,1,2274.419517,0,FALSE,2,0
D107G:K126R:G127A:T128L:G129V:F130S:K131R:S132Q:N133T:G134A:N135T:I136S:L137W:M139C:R140A:V141F:L142C:Y143T:H144T:S145R:P146H:H148T:A149Q:V150S:Y151I:I152S:L153C:P154L:D155T:R156A:K157R:N158M:G159V:G160A:L161*:K162R:I163L:E164S:Y165I:N166T:K167R:A168P:F169L:D170T:V171Y:L172W:G173A:G174A:G175V:H176T:Q177R:M178W:A179P:R180V:H181T:A182P:Q183S:F184S:N185T:K186S:G189A:A190H:W191G:E192R:E193K:D194I:Y195T:P197L:Y198T:H199T:H200T:L201*:T202Q:V203C:W204G:T205L:S206A:F207S:G208A:D210T:D212M:D213T:D214T:E215R:T216Q:D217I:H218T:T220R:I221S:V222S:E223R:V224S:I225L:K226R:A227P:V228*:D229T:L230W:E231K:T232R:Y233T:R234A,27.77,1,57,0,TRUE,102,0
G35D:A179T,72.13,1,1637.193713,0,FALSE,2,0
G69A:T232A,35.94,1,57,0,FALSE,2,0
E19R:K85M:G91V,25.26,1,2501.948463,0,FALSE,3,0
R96H:G117S:D214E:V222A:Y233*,37.12,1,1020.178154,0,FALSE,5,0
E13G:T43S:L230S,33.88,1,265.0412373,0,FALSE,3,0
K75E:G91D:G117S:K167R:Q177L:I225N,30.66,1,1912.796338,0,FALSE,6,0
G26D:S86P:I136T:E192G,25.43,1,1553.381147,0,FALSE,4,0
G159A:R180C:A190T:D214E,28.31,1,3259.145525,0,FALSE,4,0
K131*:K162E,53.37,1,2363.321466,0,FALSE,2,0
G42S:T61S:I98N:S206R,30.17,1,149.6798692,0,FALSE,4,0
K8S:L9C:F10S:E11K:E13R:I14F:Y16I:I17S:T18P:E19S:L20W:E21R:G22A:D23T:V24*:E25R:G26A:M27*:K28S:F29S:I30S:I31L:K32R:G33A:V34L:G35A:T36L:G37A:D38M:A39P:T40P:T41R:G42A:T43P:I44S:K45R:A46R:K47S:Y48T:I49S:C50A:T51P:T52P:G53A:D54T:L55C:V57C:W59G:A60L:T61P:I62S:L63C:S64H:S65P:L66C:S67R:Y68T:G69A:V70C:C72A:F73S:A74L:K75N:Y76T:R78A:H79T:I80L:A81R:D82T:F83S:F84S:K85S:S86P:T87P:Q88N:D90M:G91A:Y92T:S93V:Q94R:D95T:R96A:I97S:I98S:S99R:F100S:D101T:N102M:D103T:G104A:Q105S:Y106T:D107T:V108*:A110P:V112*:T113R:Y114M:E115R:N116T:G117V:T118H:L119Y:Y120T:N121T:R122A:V123L:T124P:V125*:K126R:G127A:T128L:G129V:F130S:K131S:S132Q:N133T:G134A:N135T:I136S:L137W:M139C:R140A:V141C:L142C:Y143T:H144T:S145R:P146H:H148T:A149Q:V150S:Y151I:I152S:L153C:P154L:D155T:R156A:K157R:N158M:G159V:G160A:L161*:K162R:I163S:E164S:Y165I:N166T:K167R:A168P:F169L:D170T:V171Y:L172W:G173A:G174A:G175D:H176T:Q177R:M178W:A179P:R180V:H181T:A182P:Q183S:F184S:N185T:K186G:G189A:A190H:W191G:E192R:E193K:D194I:Y195T:P197L:Y198T:H199T:H200T:L201*:T202Q:V203C:W204G:T205L:S206A:F207S:G208A:D210T:D212M:D213T:D214T:E215R:T216Q:D217I:H218T:T220R:I221S:V222S:E223R:V224S:I225L:K226R:A227P:V228*:D229T:L230W:E231K:T232R:Y233T:R234A,92.11,1,3783.539021,0,TRUE,210,0
T40S:G42S:L137Q,31.59,1,1426.756772,0,FALSE,3,0
S64T:T124A:P146S,25.39,1,57,0,FALSE,3,0
T41M:P56H:Q183H,25.75,1,853.8148416,0,FALSE,3,0
V34D:G53S:H144R:I163V:Q183R,52.43,1,3170.690263,0,FALSE,5,0
K32R:Y48N:K131*:Q183K:P211H,73.87,1,3055.562159,0,FALSE,5,0
F10S:T36S:L63R:Y68C:F84L:L219H,25.89,1,155.7384571,0,FALSE,6,0
E13R:I14F:Y16I:I17S:T18P:E19S:L20W:E21R:G22A:D23T:V24*:E25R:G26A:M27*:K28S:F29S:I30S:I31L:K32R:G33A:V34L:G35A:T36L:G37A:D38M:A39P:T40P:T41R:G42A:T43P:I44S:K45R:A46R:K47S:Y48T:I49S:C50A:T51P:T52P:G53A:D54T:L55C:V57C:W59G:A60L:T61P:I62S:L63C:S64H:S65P:L66C:S67R:Y68T:G69A:V70C:C72A:F73S:A74*:K75I:Y76P:R78P:I80C:A81G:D82L:F83L:F84Q:K85V:S86H:T87P:Q88T:P89R:D90W:G91L:Y92Q:Q94G:D95P:R96H:I97H:I98L:S99V:F100R:D101Q:N102*:D103R:G104P:Q105V:Y106R:D107R:V108E:K109S:A110Q:K111S:V112D:T113V:Y114*:N116R:G117Y:L119I:Y120H:N121P:V123Y:T124R:V125E:K126G:G127H:T128W:G129F:F130Q:K131V:S132K:N133R:G134Q:N135H:I136P:L137G:G138D:M139A:V141F:L142V:Y143P:H144L:S145A:P146T:H148R:A149S:V150L:I152L:L153A:P154*:D155P:R156Q:K157E:N158W:G159W:G160L:L161K:K162D:I163*:E164V:Y165*:N166Q:K167G:A168L:F169*:D170R:V171T:L172G:G173R:G174R:G175S:H176P:Q177D:M178G:A179P:R180S:H181R:A182P:Q183V:F184Q:N185Q:K186A:L188W:G189R:A190M:W191G:E192G:E193R:D194L:Y195P:P197L:Y198P:H199P:H200P:L201D:T202S:W204D:T205*:S206L:F207R:G208Q:K209R:D210P:P211R:D212*:D213R:D214R:E215D:T216R:D217S:H218P:L219Y:T220D:I221R:V222R:E223G:V224H:I225*:K226G:A227R:V228R:D229L:L230G:E231N:T232V:Y233P:R234L,100.23,1,3340.542643,0,TRUE,206,0
I17T:Y92*:G175D:A190T,40.28,1,2030.294799,0,FALSE,4,0
V70L:A74T:Q88L:P147L:H148T:A149Q:V150S:Y151I:I152S:L153C:P154L:D155T:R156A:K157R:N158M:G159V:G160A:L161*:K162R:I163L:E164S:Y165I:N166T:K167R:A168P:F169L:D170T:V171Y:L172W:G173A:G174A:G175V:H176T:Q177*:M178W:A179P:R180V:H181T:A182P:Q183S:F184S:N185T:K186S:G189A:A190H:W191G:E192K:E193K:D194I:Y195T:P197L:Y198T:H199T:H200T:L201*:T202Q:V203C:W204G:T205L:S206A:F207S:G208A:D210T:D212M:D213T:D214T:E215R:T216Q:D217I:H218T:T220R:I221S:V222S:E223R:V224S:I225L:K226R:A227P:V228*:D229T:L230W:E231K:T232R:Y233T:R234A,26.73,1,57,0,TRUE,85,0
E19*:E21G:C50Y:S93T:Y106H,26.25,1,57,0,FALSE,5,0
T40A:G53C:Y92*:D101G:H144N:R234H,70.28,1,3772.555896,0,FALSE,6,0
G33D:R156L:K167E,29.98,1,1969.828688,0,FALSE,3,0
Y16*:K109E:K157M:E192*:D213G,148.52,1,3201.732604,0,FALSE,5,0
A60L:T61P:I62S:L63C:S64H:S65P:L66C:S67R:Y68T:G69A:V70C:C72A:F73S:A74*:K75I:Y76P:R78P:I80C:A81G:D82L:F83L:F84Q:K85V:S86H:T87P:Q88T:P89R:D90W:G91L:Y92Q:Q94G:D95P:R96H:I97H:I98L:S99V:F100R:D101Q:N102*:D103R:G104P:Q105V:Y106R:D107R:V108E:K109S:A110Q:K111S:V112D:T113V:Y114*:N116R:G117Y:L119I:Y120Q:N121P:V123Y:T124R:V125E:K126G:G127L:T128W:G129F:F130Q:K131V:S132K:N133R:G134Q:N135H:I136P:L137G:G138D:M139A:V141F:L142V:Y143P:H144L:S145A:P146T:H148R:A149S:V150L:I152L:L153A:P154*:D155P:R156Q:K157E:N158W:G159W:G160L:L161K:K162D:I163*:E164V:Y165*:N166Q:K167G:A168L:F169*:D170R:V171T:L172G:G173R:G174R:G175S:H176P:Q177D:M178G:A179P:R180S:H181R:A182P:Q183V:F184Q:N185Q:K186A:L188W:G189R:A190M:W191G:E192G:E193R:D194L:Y195P:P197L:Y198P:H199P:H200P:L201D:T202S:W204D:T205*:S206L:F207R:G208Q:K209R:D210P:P211R:D212*:D213R:D214R:E215D:T216R:D217S:H218P:L219Y:T220D:I221R:V222R:E223G:V224H:I225*:K226G:A227R:V228R:D229L:L230G:E231N:T232V:Y233P:R234L,37.7,1,2257.886318,0,TRUE,162,0
T36A:G69A,55.42,1,2943.357952,0,FALSE,2,0
E11G:G37D,66.5,1,4432.565537,0,FALSE,2,0
P196L,98.78,1,1964.465023,0,FALSE,1,0
G35S:A74S:H148Y:K167*:E231K:T232R:Y233T:R234A,27.38,1,1870.553299,0,TRUE,8,0
E5G:E192G:L201P,25.71,1,57,0,FALSE,3,0
C50R:A190S:T202S,52.22,1,489.2513162,0,FALSE,3,0
I44F:F84Y:Q88*,25.36,1,57,0,FALSE,3,0
V57M:W59R:D95G:D107G,33.49,1,4207.290851,0,FALSE,4,0
V203E:V224F,30.19,1,1977.0252,0,FALSE,2,0
L20Q:G37R:F73S:Y143*:K157E:T205I:D214G,26.85,1,57,0,FALSE,7,0
F84V:P89S:S93I:T124I,26.67,1,1822.04524,0,FALSE,4,0
K75R:I136F:E223K,33.21,1,1483.130835,0,FALSE,3,0
I49T:S86P:D107N,26.18,1,57,0,FALSE,3,0
F10L:G26C:T51S:E193V,25.04,1,2719.67088,0,FALSE,4,0
G42D:D82Y:G104S:Y143N,34.51,1,3782.722309,0,FALSE,4,0
E21R:G22A:D23T:V24*:E25R:G26A:M27*:K28S:F29S:I30S:I31L:K32R:G33A:V34L:G35A:T36L:G37A:D38M:A39P:T40P:T41R:G42A:T43P:I44S:K45R:A46R:K47S:Y48T:I49S:C50A:T51P:T52P:G53A:D54T:L55C:V57C:W59G:A60L:T61P:I62S:L63C:S64H:S65P:L66C:S67R:Y68T:G69A:V70C:C72A:F73S:A74*:K75I:Y76P:R78P:I80C:A81G:D82L:F83L:F84Q:K85V:S86H:T87P:Q88T:P89R:D90W:G91L:Y92Q:Q94G:D95P:R96H:I97H:I98L:S99V:F100R:D101Q:N102*:D103R:G104P:Q105V:Y106R:D107R:V108E:K109A:A110K:K111V:V112T:T113Y:Y114E:E115N:N116G:G117T:T118L:L119Y:Y120N:N121R:R122V:V123T:T124V:V125K:K126G:G127T:T128G:G129F:F130K:K131S:S132N:N133G:G134N:N135I:I136L:L137G:G138M:M139R:R140V:V141L:L142Y:Y143H:H144S:S145P:P147H:H148A:A149V:V150Y:Y151I:I152L:L153P:P154D:D155R:R156K:K157N:N158G:G160L:L161K:K162I:I163E:E164Y:Y165N:N166K:K167A:A168F:F169D:D170V:V171L:L172G:G175H:H176Q:Q177M:M178A:A179R:R180H:H181V:A182Q:Q183F:F184N:N185K:K186P:P187L:L188G:G189A:A190W:W191E:E193D:D194Y:Y195P:P197Y:Y198H:H200L:L201T:T202V:V203W:W204T:T205S:S206F:F207G:G208K:K209D:D210P:P211D:D214E:E215T:T216D:D217H:H218L:L219T:T220I:I221V:V222E:E223V:V224I:I225K:K226A:A227V:V228D:D229W:L230E:E231T:T232Y:Y233R:R234*,116.75,1,3574.507511,0,TRUE,199,0
V70M:I80N:A81V:G189D:D213V,26.22,1,2814.981069,0,FALSE,5,0
D23G:M178I:V224A:T232M,35.91,1,218.8591505,0,FALSE,4,0
W59R:F84L:T87I:Y106H:R156H:T232P,25.71,1,1631.413571,0,FALSE,6,0
M27L:L201P,30.57,1,1708.246588,0,FALSE,2,0
V24I:F130L:L161I:E164V:M178K,38.07,1,536.4586241,0,FALSE,5,0
D82N:D101G:R180C,27.94,1,57,0,FALSE,3,0
A110P:M139I:F207C:Y233C,27.52,1,57,0,FALSE,4,0
G26C:I80T:T87I,32.79,1,928.4241007,0,FALSE,3,0
S67P:Q177K,31.6,1,763.8844489,0,FALSE,2,0
D38G:K47R,26.94,1,2460.843943,0,FALSE,2,0
K12*:T36A:G37A:D38M:A39P:T40P:T41R:G42A:T43P:I44S:K45R:A46R:K47S:Y48T:I49S:C50A:T51P:T52P:G53A:D54T:L55C:V57C:W59G:A60L:T61P:I62S:L63C:S64H:S65P:L66C:S67R:Y68T:G69A:V70C:C72A:F73S:A74*:K75I:Y76P:R78P:H79Y:I80C:A81G:D82L:F83L:F84Q:K85V:S86H:T87P:Q88T:P89R:D90W:G91L:Y92Q:Q94G:D95P:R96H:I97H:I98L:S99V:F100R:D101Q:N102*:D103R:G104P:Q105V:Y106R:D107R:V108E:K109S:A110Q:K111S:V112D:T113V:Y114*:N116R:G117Y:L119I:Y120Q:N121P:V123Y:T124R:V125E:K126G:G127H:T128W:G129F:F130Q:K131V:S132K:N133R:G134Q:N135H:I136P:L137G:G138D:M139A:V141F:L142V:Y143P:H144L:S145A:P146T:H148R:A149S:V150L:I152L:L153A:P154*:D155P:R156Q:K157E:N158W:G159W:G160L:L161K:K162D:I163R:E164V:Y165*:N166Q:K167G:A168L:F169*:D170R:V171T:L172G:G173R:G174R:G175S:H176P:Q177D:M178G:A179P:R180S:H181R:A182P:Q183V:F184Q:N185Q:K186A:L188W:G189R:A190M:W191G:E192G:E193R:D194L:Y195P:P197L:Y198P:H199P:H200P:L201D:T202S:W204D:T205*:S206V:F207R:G208Q:K209R:D210P:P211R:D212*:D213R:D214R:E215D:T216R:D217S:H218P:L219Y:T220D:I221R:V222R:E223G:V224H:I225*:K226G:A227R:V228R:D229L:L230G:E231N:T232V:Y233P:R234L,85.11,1,3495.278055,0,TRUE,186,0
Y195C:T202R:W204*,25.37,1,57,0,FALSE,3,0
V141I:E164V:N185I:P196T:L230S,26.39,1,57,0,FALSE,5,0
I49N:C50R:A149T,26.05,1,1560.289709,0,FALSE,3,0
G104D:V171E:H199L,28.33,1,1369.857788,0,FALSE,3,0
L63P:V125M,28.99,1,57,0,FALSE,2,0
L153*,59.07,2,1297.327628,923.46,FALSE,1,0.711817108
K8E:E19K:G91D:L153M:L219H,28.64,1,57,0,FALSE,5,0
I31T:N102D:G138E:V222A,29.86,1,2600.85807,0,FALSE,4,0
C50R:L137R,25.93,1,210.1012216,0,FALSE,2,0
S65P:L66P:R140C,28.16,1,3910.232053,0,FALSE,3,0
D82V:P147S:D229N,32.22,1,57,0,FALSE,3,0
G127D:D214Y,40.75,1,4019.151887,0,FALSE,2,0
H79R:Y143F:S145L:R156L:E231V,25.89,1,57,0,FALSE,5,0
T61A:R78H:H79C:I80G:A81L:D82L:F83Q:F84V:K85H:S86P:Q88R:P89W:D90L:G91Q:Y92S:S93G:Q94P:D95H:R96H:I97L:I98V:S99R:F100Q:D101*:N102R:D103P:G104V:Q105R:Y106R:D107E:V108S:K109Q:A110S:K111D:T113*:Y114E:E115R:N116Y:G117T:T118I:L119Q:Y120P:N121R:R122Y:V123R:T124E:V125G:K126H:G127W:T128F:G129Q:F130V:S132R:N133Q:G134H:N135P:I136G:L137D:G138A:M139R:R140F:L142P:Y143L:H144A:S145P:P146H:P147A:H148V:A149Y:V150I:Y151L:I152P:L153D:P154R:D155K:R156K:K157G:N158G:G159L:G160K:L161I:K162E:I163Y:E164N:Y165K:N166A:K167F:A168D:F169V:D170L:V171G:L172G:G174H:G175L:H176M:Q177A:M178R:A179H:R180A:H181Q:A182F:Q183N:F184K:N185P:K186L:P187G:L188A:G189W:A190E:W191E:E192D:E193Y:D194P:Y195P:P196Y:P197H:Y198H:H199L:H200T:L201V:T202W:V203T:W204S:T205F:S206G:F207K:G208D:K209S:P211D:D213E:D214T:E215D:T216H:D217L:H218T:L219I:T220V:I221E:E223I:V224K:I225A:K226V:A227D:V228L:D229E:L230T:E231Y:T232R:Y233*,27.48,1,419.8262965,0,TRUE,149,0
G69D:G138W,35.18,1,3885.910398,0,FALSE,2,0
T51I:F84S:K167*:Q177R,59.97,1,4100.126278,0,FALSE,4,0
F100I:K109R:L119P,28.09,1,519.2815796,0,FALSE,3,0
T1A:I14N:K32R:G33A:V34L:G35A:T36L:G37A:D38M:A39P:T40S:T41R:G42A:T43P:I44S:K45R:A46R:K47S:Y48T:I49S:C50A:T51P:T52P:G53A:D54T:L55C:V57C:W59G:A60L:T61P:I62S:L63C:S64H:S65P:L66C:S67R:Y68T:G69A:V70C:C72A:F73S:A74L:K75N:Y76T:R78A:H79T:I80L:A81R:D82T:F83S:F84S:K85S:S86P:T87P:Q88N:D90M:G91A:Y92T:S93V:Q94R:D95T:R96A:I97S:I98S:S99R:F100S:D101T:N102M:D103T:G104A:Q105S:Y106T:D107T:V108*:A110P:V112*:T113R:Y114M:E115R:N116T:G117V:T118H:L119Y:Y120T:N121T:R122A:V123L:T124P:V125*:K126R:G127A:T128L:G129V:F130S:K131S:S132Q:N133T:G134A:N135T:I136S:L137W:M139C:R140A:V141F:L142C:Y143T:H144T:S145R:P146H:H148T:A149Q:V150S:Y151I:I152S:L153C:P154L:D155T:R156A:K157R:N158M:G159V:G160A:L161*:K162R:I163L:E164S:Y165I:N166T:K167R:A168P:F169*:D170T:V171Y:L172W:G173A:G174A:G175V:H176T:Q177R:M178W:A179P:R180V:H181T:A182P:Q183S:F184S:N185T:K186S:G189A:A190H:W191G:E192R:E193K:D194I:Y195T:P197L:Y198T:H199T:H200T:L201*:T202Q:V203C:W204G:T205L:S206A:F207S:G208A:D210T:D212M:D213T:D214T:E215R:T216Q:D217I:H218T:T220R:I221S:V222S:E223R:V224S:I225L:K226R:A227P:V228*:D229T:L230W:E231K:T232R:Y233T:R234A,36.31,1,4257.367394,0,TRUE,190,0
G35V:T205A,25.5,1,1644.19685,0,FALSE,2,0
G22S:K28M:C50*,37.66,1,115.1293486,0,FALSE,3,0
D101Y:G127S:P147S:F184C:H199R,26.92,1,57,0,FALSE,5,0
F73Y:E223D,49.92,1,641.7516622,0,FALSE,2,0
D107G:D194E:T202A:I221T,27.2,1,57,0,FALSE,4,0
V34F:Q94R:W204L,30.49,1,2453.102104,0,FALSE,3,0
H79R:A81E:F130S:K131S:S132Q:N133T:G134A:N135T:I136S:L137W:M139C:R140A:V141F:L142C:Y143T:H144T:S145R:P146H:H148T:A149Q:V150S:Y151I:I152S:L153C:P154L:D155T:R156A:K157R:N158M:G159V:G160A:L161*:K162R:I163L:E164S:Y165I:N166T:K167R:A168P:F169L:D170T:V171Y:L172W:G173V:G174A:G175V:H176T:Q177R:M178W:A179P:R180V:H181T:A182P:Q183S:F184S:N185T:K186S:G189A:A190H:W191G:E192R:E193K:D194I:Y195T:P197L:Y198T:H199T:H200T:L201*:T202Q:V203C:W204G:T205L:S206A:F207S:G208A:D210T:D212M:D213T:D214T:E215R:T216Q:D217I:H218T:T220R:I221S:V222S:E223R:V224S:I225L:K226R:A227P:V228*:D229T:L230W:E231K:T232R:Y233T:R234A,26.98,1,57,0,TRUE,99,0
L20P:E25A,37.11,1,2558.198994,0,FALSE,2,0
I98N:M178I:T216A,36.48,1,57,0,FALSE,3,0
K45E:D107E:E192V:P197L:Y198T:H199T:H200T:L201*:T202Q:V203C:W204G:T205L:S206A:F207S:G208A:D210T:D212M:D213T:D214T:E215R:T216Q:D217I:H218T:T220R:I221S:V222S:E223R:V224S:I225L:K226R:A227P:V228*:D229T:L230W:E231K:T232R:Y233T:R234A,26.53,1,2671.477272,0,TRUE,38,0
G35D,36.67,1,3739.6151,0,FALSE,1,0
D103G:K111E:K126M:W191C,34.84,1,1378.090636,0,FALSE,4,0
G91D:V150D:K157E,26.88,1,57,0,FALSE,3,0
G173C:H199Y:F207Y,26.19,1,380.0013166,0,FALSE,3,0
I30V:T87P:Q88N:D90M:G91A:Y92T:S93V:Q94R:D95T:R96A:I97S:I98S:S99R:F100S:D101T:N102M:D103T:G104A:Q105S:Y106T:D107T:V108*:A110P:V112*:T113R:Y114M:E115R:N116T:G117V:T118H:L119Y:Y120T:N121T:R122A:V123L:T124P:V125*:K126R:G127A:T128L:G129V:F130S:K131S:S132Q:N133T:G134A:N135T:I136S:L137W:M139C:R140A:V141F:L142C:Y143T:H144T:S145R:P146H:H148T:A149Q:V150S:Y151I:I152S:L153C:P154L:D155T:R156A:K157R:N158M:G159V:G160A:L161*:K162R:I163L:E164S:Y165I:N166T:K167R:A168P:F169L:D170T:V171Y:L172W:G173A:G174A:G175V:H176T:Q177*:M178W:A179P:R180V:H181T:A182P:Q183S:F184S:N185T:K186S:G189A:A190H:W191G:E192R:E193K:D194I:Y195T:P197L:Y198T:H199T:H200T:L201*:T202Q:V203C:W204G:T205L:S206A:F207S:G208A:D210T:D212M:D213T:D214T:E215R:T216Q:D217I:H218T:T220R:I221S:V222S:E223R:V224S:I225L:K226R:A227P:V228*:D229T:L230W:E231K:T232R:Y233T:R234A,51.9,1,959.2159838,0,TRUE,138,0
D23Y:Y165N,29.46,1,3813.637395,0,FALSE,2,0
I136V:H176R:R180C,191.29,1,251.8640607,0,FALSE,3,0
T61P:V70M:G129D:R140H:K186E,25.75,1,2602.780921,0,FALSE,5,0
G53C:F169V:F207Y,32.49,1,57,0,FALSE,3,0
K12R:E13D:I14S:P15L:I17H:T18R:E19A:L20G:E21G:G22R:D23R:V24R:E25G:G26H:M27E:K28V:F29H:I30H:I31*:K32G:G33R:V34W:G35H:T36W:G37R:D38C:A39H:T40H:T41G:G42H:T43H:I44Q:K45G:A46E:K47V:Y48H:I49L:C50H:T51H:T52R:G53R:D54P:L55A:P56R:V57A:P58L:W59G:A60Y:T61H:I62P:L63V:S64I:S65P:L66V:S67V:Y68R:G69R:F71L:C72L:F73R:A74K:K75Y:Y76P:P77R:R78H:H79I:I80A:A81D:D82F:F84K:K85S:S86T:T87Q:Q88P:P89D:D90G:G91Y:Y92S:S93Q:Q94D:D95R:R96I:I98S:S99F:F100D:D101N:N102D:D103G:G104Q:Q105Y:Y106D:D107V:V108K:K109A:A110K:K111V:V112T:T113Y:Y114E:E115N:N116G:G117T:T118L:L119Y:Y120N:N121R:R122V:V123T:T124V:V125K:K126G:G127T:T128G:G129F:F130K:K131S:S132N:N133G:G134N:N135I:I136L:L137G:G138M:M139R:R140V:V141L:L142Y:Y143H:H144S:S145P:P147H:H148A:A149V:V150Y:Y151I:I152L:L153P:P154D:D155R:R156K:K157N:N158G:G160L:L161K:K162I:I163E:E164Y:Y165N:N166K:K167A:A168F:F169D:D170E:V171L:L172G:G175H:H176Q:Q177M:M178A:A179R:R180H:H181A:A182Q:Q183F:F184N:N185K:K186P:P187L:L188G:G189A:A190W:W191E:E193D:D194Y:Y195P:P197Y:Y198H:H200L:L201T:T202V:V203W:W204T:T205S:S206F:F207G:G208K:K209D:D210P:P211D:D214E:E215T:T216D:D217H:H218L:L219T:T220I:I221V:V222E:E223V:V224I:I225K:K226A:A227V:V228D:D229L:L230E:E231T:T232Y:Y233R:R234*,33.98,1,2762.085301,0,TRUE,210,0
K111E:I136F,76.89,1,241.016082,0,FALSE,2,0
R78A:H79T:I80L:A81R:D82T:F83S:F84S:K85S:S86P:T87P:Q88N:D90M:G91A:Y92T:S93V:Q94R:D95T:R96A:I97S:I98S:S99R:F100S:D101T:N102M:D103T:G104A:Q105S:Y106T:D107T:V108*:A110P:V112*:T113R:Y114M:E115R:N116T:G117V:T118H:L119Y:Y120T:N121T:R122A:V123L:T124P:V125*:K126R:G127A:T128L:G129V:F130S:K131S:S132Q:N133T:G134A:N135T:I136S:L137W:M139C:R140A:V141F:L142C:Y143T:H144T:S145R:P146H:H148T:A149Q:V150S:Y151I:I152S:L153C:P154L:D155T:R156A:K157R:N158M:G159V:G160A:L161*:K162R:I163L:E164S:Y165I:N166T:K167R:A168P:F169L:D170T:V171Y:L172W:G173A:G174A:G175V:H176T:Q177R:M178W:A179P:R180V:H181T:A182P:Q183S:F184S:N185T:K186S:G189A:A190H:W191G:E192R:E193R:D194I:Y195T:P197L:Y198T:H199T:H200T:L201*:T202Q:V203C:W204G:T205L:S206A:F207S:G208A:D210T:D212M:D213T:D214T:E215R:T216Q:D217I:H218T:T220R:I221S:V222S:E223R:V224S:I225L:K226G:A227P:V228*:D229T:L230W:E231K:T232R:Y233T:R234A,59.99,1,3764.999484,0,TRUE,146,0
K126R:G127A:T128L:G129V:F130S:K131S:S132Q:N133T:G134A:N135T:I136S:L137W:M139C:R140A:V141F:L142C:Y143T:H144T:S145R:P146H:H148T:A149Q:V150S:Y151I:I152S:L153C:P154L:D155T:R156A:K157R:N158M:G159V:G160A:L161*:K162R:I163L:E164S:Y165I:N166T:K167R:A168P:F169L:D170T:V171Y:L172W:G173A:G174A:G175V:H176T:Q177R:M178W:A179P:R180V:H181T:A182P:Q183S:F184S:N185T:K186S:G189A:A190H:W191G:E192R:E193K:D194I:Y195T:P197L:Y198T:H199T:H200T:L201*:T202Q:V203C:W204G:T205L:S206A:F207S:G208A:D210T:D212M:D213T:D214T:E215R:T216Q:D217I:H218T:T220R:I221S:V222S:E223R:V224S:I225L:K226R:A227P:V228*:D229T:L230W:E231K:T232R:Y233T:R234A,44.21,1,719.5805251,0,TRUE,101,0
I14F:W59R:Q88L:K167E,25.3,1,1000.22828,0,FALSE,4,0
L142C:Y143T:H144T:S145R:P146H:H148T:A149Q:V150S:Y151I:I152S:L153R:P154L:D155T:R156A:K157R:N158L:G159V:G160A:L161*:K162R:I163L:E164S:Y165I:N166T:K167R:A168P:F169L:D170T:V171Y:L172W:G173A:G174A:G175V:H176T:Q177R:M178W:A179P:R180V:H181T:A182P:Q183V:F184Q:N185Q:K186A:L188W:G189R:A190M:W191G:E192G:E193R:D194L:Y195P:P197L:Y198P:H199P:H200P:L201D:T202S:W204D:T205*:S206L:F207R:G208Q:K209R:D210P:P211Q:D212*:D213R:D214R:E215D:T216R:D217S:H218P:L219Y:T220D:I221R:V222R:E223G:V224H:I225*:K226G:A227R:V228R:D229L:L230G:E231N:T232V:Y233P:R234L,39.98,1,956.3430181,0,TRUE,89,0
G22A:D23T:V24*:E25R:G26A:M27*:K28S:F29S:I30S:I31L:K32R:G33A:V34L:G35A:T36L:G37A:D38M:A39P:T40P:T41R:G42A:T43P:I44S:K45R:A46R:K47S:Y48T:I49S:C50A:T51P:T52P:G53A:D54T:L55C:V57C:W59G:A60L:T61P:I62S:L63C:S64H:S65P:L66C:S67R:Y68T:G69A:V70C:C72A:F73S:A74*:K75I:Y76P:R78P:I80C:A81G:D82L:F83L:F84Q:K85V:S86H:T87P:Q88T:P89R:D90W:G91L:Y92Q:Q94G:D95P:R96H:I97H:I98L:S99V:F100R:D101Q:N102*:D103R:G104P:Q105V:Y106R:D107R:V108E:K109S:A110Q:K111S:V112D:T113V:Y114*:N116R:G117Y:L119I:Y120Q:N121P:V123Y:T124R:V125E:K126G:G127H:T128W:G129F:F130Q:K131V:S132K:N133R:G134Q:N135H:I136P:L137G:G138D:M139A:V141F:L142V:Y143P:H144L:S145A:P146T:H148R:A149S:V150L:I152L:L153A:P154*:D155P:R156Q:K157E:N158W:G159W:G160L:L161K:K162D:I163*:E164V:Y165*:N166Q:K167G:A168L:F169*:D170R:V171T:L172G:G173R:G174R:G175S:H176P:Q177D:M178G:A179P:R180S:H181R:A182P:Q183V:F184Q:N185Q:K186A:L188W:G189R:A190M:W191G:E192G:E193R:D194L:Y195P:P197L:Y198P:H199P:H200P:L201D:T202S:V203A:W204D:T205*:S206L:F207R:G208Q:K209R:D210P:P211R:D212*:D213R:D214R:E215D:T216R:D217S:H218P:L219Y:T220D:I221R:V222R:E223G:V224H:I225*:K226G:A227R:V228R:D229L:L230G:E231N:T232V:Y233P:R234L,66.31,1,4383.312732,0,TRUE,199,0
S67R:Y68T:G69A:V70C:C72A:F73S:A74L:K75N:Y76T:R78A:H79T:I80L:A81R:D82T:F83S:F84S:K85S:S86P:T87P:Q88N:D90M:G91A:Y92T:S93V:Q94R:D95T:R96A:I97S:I98S:S99R:F100S:D101T:N102M:D103T:G104A:Q105S:Y106T:D107T:V108*:A110P:V112*:T113R:Y114M:E115R:N116T:G117V:T118H:L119Y:Y120R:N121T:R122A:V123L:T124P:V125*:K126W:G127A:T128L:G129V:F130S:K131S:S132Q:N133T:G134A:N135T:I136S:L137W:M139C:R140A:V141F:L142C:Y143T:H144T:S145R:P146H:H148T:A149Q:V150S:Y151I:I152S:L153C:P154L:D155T:R156A:K157R:N158M:G159M:G160A:L161*:K162R:I163L:E164S:Y165I:N166T:K167R:A168P:F169L:D170T:V171Y:L172W:G173A:G174A:G175V:H176T:Q177R:M178W:A179P:R180V:H181T:A182P:Q183G:F184S:N185T:K186S:G189A:A190H:W191G:E192R:E193K:D194I:Y195T:P197L:Y198T:H199T:H200T:L201*:T202Q:V203C:W204G:T205L:S206A:F207S:G208A:D210T:D212M:D213T:D214T:E215R:T216Q:D217I:H218T:T220R:I221S:V222S:E223R:V224S:I225L:K226W:A227P:V228*:D229T:L230W:E231K:T232R:Y233T:R234A,31.22,1,241.4443329,0,TRUE,155,0
L137Q:P187L,28.69,1,2260.786411,0,FALSE,2,0
S99*,54.98,1,3680.945252,0,FALSE,1,0
I17V:N102D:G127S:L161I:Y195H:P211S,27.08,1,57,0,FALSE,6,0
K45R:L55M:A110V:H200Q,28.63,1,583.3121525,0,FALSE,4,0
I80S:H199L:V203A,25.81,1,1836.207772,0,FALSE,3,0
F10L:E11K:E13R:I14F:Y16I:I17S:T18P:E19S:L20W:E21R:G22A:D23T:V24*:E25R:G26A:M27*:K28S:F29S:I30S:I31L:K32R:G33A:V34L:G35A:T36L:G37A:D38M:A39P:T40P:T41R:G42A:T43P:I44S:K45R:A46R:K47S:Y48T:I49S:C50A:T51P:T52P:G53A:D54T:L55C:V57C:W59G:A60L:T61P:I62Y:L63C:S64H:S65P:L66C:S67R:Y68T:G69A:V70C:C72A:F73S:A74*:K75I:Y76P:R78P:I80C:A81G:D82L:F83L:F84Q:K85V:S86H:T87P:Q88T:P89R:D90W:G91L:Y92Q:Q94G:D95P:R96H:I97H:I98L:S99V:F100R:D101Q:N102*:D103R:G104P:Q105V:Y106R:D107R:V108E:K109S:A110Q:K111S:V112D:T113V:Y114*:N116R:G117Y:L119I:Y120Q:N121P:V123Y:T124R:V125E:K126G:G127H:T128W:G129F:F130Q:K131V:S132K:N133R:G134Q:N135H:I136P:L137G:G138D:M139A:V141F:L142V:Y143P:H144L:S145A:P146T:H148R:A149S:V150L:I152L:L153A:P154*:D155P:R156Q:K157E:N158W:G159W:G160L:L161K:K162D:I163*:E164V:Y165*:N166Q:K167G:A168L:F169*:D170R:V171T:L172G:G173R:G174R:G175S:H176P:Q177D:M178G:A179P:R180S:H181R:A182P:Q183V:F184Q:N185Q:K186A:L188W:G189R:A190M:W191G:E192G:E193R:D194L:Y195P:P197L:Y198P:H199P:H200P:L201D:T202S:W204D:T205*:S206L:F207R:G208Q:K209R:D210P:P211R:D212*:D213R:D214R:E215D:T216R:D217S:H218P:L219Y:T220D:I221R:V222R:E223G:V224H:I225*:K226G:A227R:V228R:D229L:L230G:E231N:T232V:Y233P:R234L,33.04,1,4192.097001,0,TRUE,208,0
E19G:Y76F:R140L,37.61,1,1066.711566,0,FALSE,3,0
Q88*,28.4,1,57,0,FALSE,1,0
F100Y:K131M:A149T:F169S,33.52,1,2058.619605,0,FALSE,4,0
K28E:D82G:K109R:H148L,29.82,1,57,0,FALSE,4,0
A39T:H79R:G104S:K126N,27.07,1,2288.128262,0,FALSE,4,0
T51A:T52I:F83L,30.82,1,1955.789214,0,FALSE,3,0
T36A:P56L:D90Y:R140H:G189A:W191*,36.03,1,1632.518894,0,FALSE,6,0
V108L:N121Y,35.98,1,1413.813195,0,FALSE,2,0
E5G:K75N:Y76T:R78A:H79T:I80L:A81R:D82T:F83S:F84S:K85S:S86P:T87P:Q88N:D90M:G91A:Y92T:S93V:Q94R:D95T:R96A:I97S:I98S:S99R:F100S:D101T:N102M:D103T:G104A:Q105S:Y106T:D107T:V108*:A110P:K111N:V112*:T113R:Y114M:E115R:N116T:G117V:T118H:L119Y:Y120T:N121T:R122A:V123L:T124P:V125*:K126R:G127A:T128L:G129V:F130S:K131S:S132Q:N133T:G134A:N135T:I136S:L137W:M139C:R140A:V141F:L142C:Y143T:H144T:S145R:P146H:H148T:A149Q:V150S:Y151I:I152S:L153C:P154L:D155T:R156A:K157R:N158M:G159V:G160A:L161*:K162R:I163L:E164S:Y165I:N166T:K167R:A168P:F169L:D170T:V171Y:L172W:G173A:G174A:G175V:H176T:Q177R:M178W:A179P:R180V:H181T:A182P:Q183S:F184S:N185T:K186S:G189A:A190H:W191G:E192R:E193K:D194I:Y195T:P197L:Y198T:H199T:H200T:L201*:T202Q:V203C:W204G:T205L:S206A:F207S:G208A:D210T:D212M:D213T:D214T:E215R:T216Q:D217I:H218T:T220R:I221S:V222S:E223R:V224S:I225L:K226R:A227P:V228*:D229T:L230W:E231K:T232R:Y233T:R234A,25.29,1,3472.067351,0,TRUE,150,0
Q88P:Y120S,54.43,1,1289.768923,0,FALSE,2,0
Y68*:P147S,97.78,1,2856.561647,0,FALSE,2,0
C50F:K111N,36.16,1,577.0686109,0,FALSE,2,0
F29Y:W59C:F83L,28.15,1,385.8231815,0,FALSE,3,0
T36S:V57E,26.72,1,5223.385318,0,FALSE,2,0
F10I:P89L,34.23,1,57,0,FALSE,2,0
G6D:S64P:P187S:D214V:H218R,25.28,1,57,0,FALSE,5,0
E19K:M27*:K28S:F29S:I30S:I31L:K32R:G33A:V34L:G35A:T36L:G37A:D38M:A39S:T40P:T41R:G42A:T43P:I44S:K45R:A46R:K47S:Y48T:I49S:C50A:T51P:T52P:G53A:D54T:L55C:V57C:W59G:A60L:T61P:I62S:L63C:S64H:S65P:L66C:S67R:Y68T:G69A:V70C:C72A:F73S:A74Q:K75I:Y76P:R78P:I80C:A81G:D82L:F83L:F84Q:K85V:S86H:T87P:Q88T:P89R:D90W:G91L:Y92Q:Q94G:D95P:R96H:I97H:I98L:S99V:F100R:D101Q:N102*:D103R:G104P:Q105V:Y106R:D107R:V108E:K109S:A110R:K111S:V112D:T113V:Y114*:N116R:G117Y:L119I:Y120Q:N121P:V123Y:T124R:V125E:K126G:G127H:T128W:G129F:F130Q:K131V:S132K:N133R:G134Q:N135H:I136H:L137G:G138D:M139A:V141F:L142V:Y143P:H144L:S145A:P146T:H148R:A149S:V150L:I152L:L153D:P154*:D155P:R156Q:K157E:N158W:G159W:G160L:L161K:K162D:I163*:E164V:Y165*:N166Q:K167G:A168L:F169*:D170R:V171T:L172G:G173R:G174R:G175S:H176P:Q177D:M178G:A179P:R180S:H181R:A182P:Q183V:F184Q:N185Q:K186A:L188W:G189R:A190M:W191G:E192G:E193R:D194L:Y195P:P197L:Y198P:H199P:H200P:L201D:T202S:W204D:T205*:S206L:F207R:G208Q:K209R:D210P:P211R:D212*:D213R:D214R:E215D:T216R:D217S:H218P:L219Y:T220D:I221R:V222R:E223G:V224H:I225*:K226G:A227R:V228R:D229L:L230G:E231K:T232V:Y233P:R234L,113.51,1,2537.052512,0,TRUE,194,0
D23G:Y92*:M178K:H200N,196.94,1,3980.287093,0,FALSE,4,0
E5V:K12*:L20P:C50F:S86P:Y120H:Y151F,132.81,1,3415.15254,0,FALSE,7,0
A7T:E21R:G22A:D23T:V24*:E25R:G26A:M27*:K28S:F29S:I30S:I31L:K32R:G33A:V34L:G35A:T36L:G37A:D38M:A39P:T40P:T41R:G42A:T43P:I44S:K45R:A46R:K47S:Y48T:I49S:C50A:T51P:T52P:G53A:D54T:L55C:V57C:W59G:A60L:T61P:I62S:L63C:S64H:S65P:L66F:S67R:Y68T:G69A:V70C:C72A:F73S:A74*:K75I:Y76P:R78P:I80C:A81G:D82L:F83L:F84Q:K85V:S86H:T87P:Q88T:P89R:D90W:G91L:Y92Q:Q94G:D95P:R96H:I97H:I98L:S99V:F100R:D101Q:N102*:D103R:G104P:Q105V:Y106R:D107R:V108E:K109S:A110Q:K111S:V112D:T113V:Y114*:N116R:G117Y:L119I:Y120Q:N121P:V123Y:T124R:V125E:K126G:G127H:T128W:G129F:F130Q:K131V:S132K:N133R:G134Q:N135H:I136P:L137G:G138D:M139A:V141F:L142V:Y143P:H144L:S145A:P146T:H148R:A149S:V150L:I152L:L153A:P154R:D155S:R156Q:K157E:N158W:G159W:G160L:L161K:K162D:I163*:E164V:Y165*:N166Q:K167G:A168L:F169*:D170R:V171T:L172G:G173R:G174R:G175S:H176P:Q177D:M178G:A179P:R180S:H181R:A182P:Q183V:F184Q:N185Q:K186A:L188W:G189R:A190M:W191G:E192G:E193R:D194L:Y195P:P197L:Y198P:H199P:H200P:L201D:T202S:W204D:T205*:S206L:F207R:G208Q:K209R:D210P:P211R:D212*:D213R:D214R:E215D:T216R:D217S:H218P:L219Y:T220D:I221R:V222R:E223G:V224H:I225*:K226G:A227R:V228R:D229L:L230G:E231N:T232V:Y233P:R234L,31.9,1,57,0,TRUE,200,0
M27I:L55M:L66P:K75*:R122S:D212Y,75.39,1,3458.171481,0,FALSE,6,0
K12*:P211H,66.19,1,2757.33646,0,FALSE,2,0
T36S:F100L:G134C:T232S,38.49,1,2194.527061,0,FALSE,4,0
L3P:E13*:E21G:I62F:A110T:S132L:N158K,35.17,1,57,0,FALSE,7,0
L119P:G174D:D194G,32.71,1,3432.385246,0,FALSE,3,0
F10L:F130I:L153*,29.62,1,57,0,FALSE,3,0
K28R:K32*,32.39,1,2903.456425,0,FALSE,2,0
F29Y:D103V:A110V:G175V,31.18,1,690.8579614,0,FALSE,4,0
L3I:P147S:H181L:G208S,133.59,1,191.763182,0,FALSE,4,0
I17S:C50S:K131*,73.93,1,2503.230853,0,FALSE,3,0
T52S:G69D:S93N:Y120C:F130V,25.34,1,2847.676995,0,FALSE,5,0
F71I:F73S:H144Y,32.6,1,1339.772928,0,FALSE,3,0
E5D:F10L:F83I:F100L:K111*:K131E:A190V:F207S,48.92,1,3230.952499,0,FALSE,8,0
Q88H:D90M:G91A:Y92T:S93V:Q94R:D95T:R96A:I97S:I98S:S99R:F100S:D101T:N102M:D103T:G104A:Q105S:Y106T:D107T:V108*:A110P:V112*:T113R:Y114M:E115R:N116T:G117V:T118H:L119Y:Y120T:N121T:R122A:V123L:T124P:V125*:K126R:G127A:T128L:G129V:F130S:K131S:S132Q:N133T:G134A:N135T:I136S:L137W:M139C:R140A:V141F:L142C:Y143T:H144T:S145R:P146H:H148T:A149Q:V150S:Y151I:I152S:L153C:P154L:D155T:R156A:K157R:N158M:G159V:G160A:L161*:K162R:I163L:E164S:Y165I:N166T:K167R:A168P:F169L:D170T:V171Y:L172W:G173A:G174A:G175V:H176T:Q177R:M178W:A179P:R180V:H181T:A182P:Q183S:F184S:N185T:K186S:G189A:A190H:W191G:E192R:E193K:D194I:Y195T:P197L:Y198T:H199T:H200T:L201C:T202Q:V203C:W204G:T205L:S206A:F207S:G208A:D210T:D212M:D213T:D214T:E215R:T216Q:D217I:H218T:T220R:I221S:V222S:E223R:V224S:I225L:K226R:A227P:V228*:D229T:L230W:E231K:T232R:Y233T:R234A,30.28,1,3519.188072,0,TRUE,136,0
P56H:P146T:E223V,39.86,1,1827.658026,0,FALSE,3,0
K157*,135.39,2,3244.771414,260.14,FALSE,1,0.080172057
F10L:A60V:P77H,25.47,1,57,0,FALSE,3,0
N116Y:M139L:F169S,40.02,1,57,0,FALSE,3,0
G33D,58.45,1,1736.993398,0,FALSE,1,0
D23G:T36A:G42C:V57A,41.22,1,647.5788012,0,FALSE,4,0
C50W:V108L,28.82,1,1444.286312,0,FALSE,2,0
M139C:R140A:V141F:L142C:Y143T:H144T:S145R:P146H:H148T:A149Q:V150S:Y151I:I152S:L153C:P154L:D155T:R156A:K157R:N158M:G159V:G160A:L161*:K162R:I163L:E164S:Y165I:N166T:K167R:A168P:F169L:D170T:V171Y:G173A:G174A:G175V:H176T:Q177R:M178W:A179P:R180V:H181T:A182P:Q183S:F184S:N185T:K186S:G189A:A190H:W191G:E192R:E193K:D194I:Y195T:P197L:Y198T:H199T:H200T:L201*:T202Q:V203C:W204G:T205L:S206A:F207S:G208A:D210T:D212M:D213T:D214T:E215R:T216Q:D217I:H218T:T220R:I221S:V222S:E223R:V224S:I225L:K226R:A227P:V228*:D229T:L230W:E231K:T232R:Y233T:R234A,34.7,1,4177.314573,0,TRUE,88,0
F71L:L153M:N185S:D194N,66.92,1,187.6281902,0,FALSE,4,0
K45E:K109*:T216K,46.87,1,1594.149289,0,FALSE,3,0
L3P:F84I,36.8,1,1315.696394,0,FALSE,2,0
Y92S,33.58,1,2585.390056,0,FALSE,1,0
K75N:Y76T:R78A:H79T:I80L:A81R:D82T:F83S:F84S:K85S:S86P:T87P:Q88N:D90M:G91A:Y92T:S93V:Q94R:D95T:R96A:I97S:I98S:S99R:F100S:D101T:N102M:D103T:G104A:Q105S:Y106T:D107T:V108*:A110P:V112*:T113R:Y114M:E115R:N116T:G117V:T118H:L119Y:Y120T:N121T:R122A:V123L:T124P:V125*:K126R:G127A:T128L:G129V:F130S:K131S:S132Q:N133T:G134A:N135T:I136S:L137W:M139C:R140A:V141F:L142C:Y143T:H144T:S145R:P146H:H148T:A149Q:V150S:Y151I:I152S:L153C:P154L:D155T:R156A:K157R:N158M:G159V:G160A:L161*:K162R:I163L:E164S:Y165I:N166T:K167R:A168P:F169L:D170T:V171Y:L172W:G173A:G174A:G175V:H176T:Q177R:M178W:A179P:R180V:H181T:A182P:Q183S:F184S:N185T:K186S:G189A:A190H:W191G:E192R:E193K:D194I:Y195T:P197L:Y198T:H199T:H200T:L201*:T202R:V203C:W204G:T205L:S206A:F207S:G208A:D210T:D212M:D213T:D214T:E215R:T216Q:D217I:H218T:T220R:I221S:V222S:E223R:V224S:I225L:K226R:A227P:V228*:D229T:L230W:E231K:T232R:Y233T:R234A,84.78,1,4461.61824,0,TRUE,148,0
G22A:D23T:V24*:E25R:G26A:M27*:K28S:F29S:I30S:I31L:K32R:G33A:V34L:G35A:T36L:G37A:D38M:A39P:T40P:T41R:G42A:T43P:I44S:K45R:A46R:K47S:Y48T:I49S:C50A:T51P:T52P:G53A:D54T:L55C:V57C:W59G:A60L:T61P:I62S:L63C:S64H:S65P:L66C:S67R:Y68T:G69A:V70C:C72A:F73S:A74L:K75N:Y76T:R78T:H79T:I80L:A81R:D82T:F83S:F84S:K85S:S86P:T87P:Q88N:D90M:G91A:Y92T:S93V:Q94R:D95T:R96A:I97S:I98S:S99R:F100S:D101T:N102M:D103T:G104A:Q105S:Y106T:D107T:V108*:A110P:V112*:T113C:Y114M:E115R:N116T:G117V:T118H:L119Y:Y120T:N121T:R122A:V123L:T124P:V125*:K126R:G127A:T128L:G129V:F130S:K131S:S132Q:N133T:G134A:N135T:I136S:L137W:M139C:R140A:V141F:L142C:Y143T:H144T:S145R:P146H:H148T:A149Q:V150S:Y151I:I152S:L153C:P154L:D155T:R156A:K157R:N158M:G159V:G160A:L161*:K162R:I163L:E164S:Y165I:N166T:K167R:A168P:F169L:D170T:V171Y:L172W:G173A:G174A:G175V:H176T:Q177R:M178W:A179P:R180V:H181T:A182P:Q183S:F184S:N185T:K186S:G189A:A190H:W191G:E192R:E193K:D194I:Y195T:P197L:Y198T:H199T:H200T:L201*:T202Q:V203C:W204G:T205L:S206A:F207S:G208A:D210T:D212M:D213T:D214T:E215R:T216Q:D217I:H218T:T220R:I221S:V222S:E223R:V224S:I225L:K226R:A227P:V228*:D229T:L230W:E231K:T232R:Y233T:R234A,135.65,1,2953.648843,0,TRUE,198,0
C50W:I98V:V123A,30.74,1,1264.215447,0,FALSE,3,0
Y68F:P77H,35.07,1,1862.537751,0,FALSE,2,0
S99T:D103Y:A227T,731.43,1,3802.664049,0,FALSE,3,0
S64P:S67T:S99P,27.49,1,57,0,FALSE,3,0
K131*:S132P,39.33,1,57,0,FALSE,2,0
L20P:W204*:V224I,69.18,1,3104.874598,0,FALSE,3,0
Y48C:H200N:E223K,35.32,1,3965.405178,0,FALSE,3,0
G53S:P147S:L230F,29.3,1,57,0,FALSE,3,0
A39P:A74D:Y92H:D210Y,34.5,1,57,0,FALSE,4,0
H79Y:G91D:D155G:H199Q:D214G,33.37,1,4052.141171,0,FALSE,5,0
V57A:A60V:F84I,30.85,1,2036.0064,0,FALSE,3,0
I30N:G33S:K131*,58.44,1,3289.337292,0,FALSE,3,0
S64T:D107V:T113K,782.4,1,263.7077688,0,FALSE,3,0
D23G:T52A:V123D,25.58,1,57,0,FALSE,3,0
F71L:F84L:S93G:R122H:V125A,27.67,1,57,0,FALSE,5,0
L20V:V70E:R156H:G173D:D217A:D229V,25.96,1,1195.208547,0,FALSE,6,0
A7E:E25G:F169S:G174S:Q177R:D212A,26.79,1,3239.742299,0,FALSE,6,0
N158S:G189D,110.67,1,2684.773485,0,FALSE,2,0
F83L:D214V:L230*,30.03,1,57,0,FALSE,3,0
K75N:Y76T:R78A:H79T:I80L:A81R:D82T:F83S:F84S:K85S:S86P:T87P:Q88N:D90M:G91A:Y92T:S93V:Q94R:D95T:R96A:I97S:I98S:S99R:F100S:D101T:N102M:D103T:G104A:Q105S:Y106T:D107T:V108*:A110P:V112*:T113R:Y114M:E115R:N116T:G117V:T118H:L119Y:Y120T:N121T:R122A:V123L:T124P:V125*:K126R:G127A:T128L:G129V:F130S:K131S:S132Q:N133T:G134A:N135T:I136S:L137W:M139R:R140A:V141F:L142C:Y143T:H144T:S145R:P146Y:H148T:A149Q:V150S:Y151I:I152S:L153C:P154L:D155T:R156A:K157R:N158M:G159V:G160A:L161*:K162R:I163L:E164S:Y165I:N166T:K167R:A168P:F169L:D170T:V171Y:L172W:G173A:G174A:G175V:H176T:Q177R:M178W:A179P:R180V:H181T:A182P:Q183S:F184S:N185T:K186S:G189A:A190H:W191G:E192R:E193K:D194I:Y195T:P197L:Y198T:H199T:H200T:L201*:T202Q:V203C:W204G:T205L:S206A:F207S:G208A:D210T:D212M:D213T:D214T:E215R:T216Q:D217I:H218T:T220R:I221S:V222S:E223R:V224S:I225L:K226R:A227P:V228*:D229T:L230W:E231K:T232R:Y233T:R234A,58.46,1,1671.76297,0,TRUE,148,0
Q88R:Q177R:A190S,34.76,1,57,0,FALSE,3,0
H200D:H218Q,27.18,1,3077.460719,0,FALSE,2,0
E21V:P56L:Q94R:K209R,30.37,1,57,0,FALSE,4,0
E5G:H199N,30,1,751.0000575,0,FALSE,2,0
Y16C:P147A:Y198D,44.78,1,113.5388448,0,FALSE,3,0
T40A:I44V:F73I:T87S:W191G:K226*:L230S,36.62,1,1881.033714,0,FALSE,7,0
G42D:K45*:D95N:G173A:G174A:G175V:H176T:Q177R:M178W:A179P:R180V:H181T:A182P:Q183S:F184S:N185T:K186S:G189A:A190H:W191G:E192R:E193K:D194I:Y195T:P197L:Y198T:H199T:H200T:L201*:T202Q:V203C:W204G:T205L:S206A:F207S:G208A:D210T:D212M:D213T:D214T:E215R:T216Q:D217I:H218T:T220R:I221S:V222S:E223R:V224S:I225L:K226R:A227P:V228*:D229T:L230W:E231K:T232R:Y233T:R234A,74.85,1,2503.942023,0,TRUE,59,0
I62T:A110S:H199R,29.29,1,57,0,FALSE,3,0
K8*:F169I:W191R:D210Y,96.08,1,3055.44358,0,FALSE,4,0
W59*:D82E,71.12,1,3447.880111,0,FALSE,2,0
I30V:T40I:F169S:H200P:A227V,26.53,1,57,0,FALSE,5,0
I17V:L137Q:V141L:D194G:L219H,27.88,1,2092.81981,0,FALSE,5,0
L63Q:F100L:V108E:P146A,26.96,1,3474.729407,0,FALSE,4,0
G37C:K109R:S206I:E223*,55.74,1,1324.877588,0,FALSE,4,0
R78A:H79T:I80L:A81R:D82T:F83S:F84S:K85S:S86P:T87P:Q88N:D90M:G91A:Y92T:S93V:Q94R:D95T:R96A:I97S:I98S:S99R:F100S:D101T:N102M:D103T:G104A:Q105S:Y106T:D107T:V108*:A110P:V112*:T113R:Y114M:E115R:N116T:G117V:T118Y:L119Y:Y120T:N121T:R122A:V123L:T124P:V125*:K126R:G127A:T128L:G129V:F130S:K131S:S132Q:N133T:G134A:N135T:I136S:L137W:M139C:R140A:V141F:L142C:Y143T:H144T:S145R:P146H:H148T:A149Q:V150S:Y151I:I152S:L153C:P154L:D155T:R156A:K157R:N158M:G159V:G160A:L161*:K162R:I163L:E164S:Y165I:N166T:K167R:A168P:F169L:D170T:V171Y:L172W:G173A:G174A:G175V:H176T:Q177R:M178W:A179P:R180V:H181T:A182P:Q183S:F184S:N185T:K186S:G189A:A190H:W191G:E192R:E193K:D194I:Y195T:P197L:Y198T:H199T:H200T:L201*:T202Q:V203C:W204G:T205L:S206A:F207S:G208A:D210T:D212M:D213T:D214T:E215R:T216Q:D217I:H218T:T220R:I221S:V222S:E223R:V224S:I225L:K226R:A227P:V228*:D229T:L230W:E231K:T232R:Y233T:R234A,82.26,1,1751.752415,0,TRUE,146,0
E5D:T61I:C72A:F73S:A74*:K75I:Y76P:P77L:R78P:I80C:A81G:D82L:F83L:F84Q:K85V:S86H:T87P:Q88T:P89R:D90W:G91L:Y92Q:Q94G:D95P:R96H:I97H:I98L:S99V:F100R:D101Q:N102*:D103R:G104P:Q105V:Y106R:D107R:V108E:K109S:A110Q:K111S:V112D:T113V:Y114*:N116R:G117Y:L119I:Y120Q:N121P:V123Y:T124R:V125E:K126G:G127H:T128W:G129F:F130Q:K131V:S132K:N133R:G134Q:N135H:I136P:L137G:G138D:M139A:V141F:L142V:Y143P:H144L:S145A:P146T:H148R:A149S:V150L:I152L:L153A:P154*:D155P:R156Q:K157*:N158W:G159W:G160L:L161K:K162D:I163*:E164V:N166Q:K167G:A168L:F169*:D170R:V171T:L172G:G173R:G174R:G175S:H176P:Q177D:M178G:A179P:R180S:H181R:A182P:Q183V:F184Q:N185Q:K186A:L188W:G189R:A190M:W191G:E192G:E193R:D194L:Y195P:P197L:Y198P:H199P:H200P:L201D:T202S:W204D:T205*:S206L:F207R:G208Q:K209R:D210P:P211R:D212*:D213R:D214R:E215D:T216R:D217S:H218P:L219Y:T220D:I221R:V222R:E223G:V224H:I225*:K226G:A227R:V228R:D229L:L230G:E231N:T232V:Y233P:R234L,34.91,1,57,0,TRUE,153,0
R78A:H79T:I80L:A81R:D82T:F83S:F84S:K85S:S86P:T87P:Q88N:D90M:G91A:Y92T:S93V:Q94R:D95T:R96A:I97S:I98S:S99R:F100S:D101T:N102M:D103T:G104A:Q105S:Y106T:D107T:V108*:A110P:V112*:T113R:Y114M:E115R:N116T:G117V:T118H:L119Y:Y120T:N121T:R122A:V123L:T124P:V125*:K126R:G127A:T128L:G129V:F130S:K131S:S132Q:N133T:G134A:N135T:I136S:L137W:M139C:R140A:V141F:L142C:Y143T:H144T:S145R:P146H:H148T:A149Q:V150S:Y151I:I152S:L153C:P154L:D155T:R156A:K157R:N158M:G159V:G160A:L161K:K162R:I163L:E164S:Y165I:N166T:K167R:A168P:F169L:D170T:V171Y:L172W:G173A:G174A:G175V:H176T:Q177R:M178W:A179P:R180V:H181T:A182P:Q183S:F184S:N185T:K186S:G189A:A190H:W191G:E192R:E193K:D194I:Y195T:P197L:Y198T:H199T:H200T:L201*:T202Q:V203C:W204G:T205L:S206A:F207S:G208A:D210T:D212M:D213T:D214T:E215R:T216Q:D217I:H218T:T220R:I221S:V222S:E223R:V224S:I225L:K226R:A227P:V228*:D229T:L230W:E231K:T232R:Y233T:R234A,37.91,1,4402.904419,0,TRUE,146,0
G22D,30.68,1,2092.45507,0,FALSE,1,0
S86P,34.8,1,2074.090993,0,FALSE,1,0
K12*:I62T:L161*:D212M:D213T:D214T:E215R:T216Q:D217I:H218T:T220R:I221S:V222S:E223R:V224S:I225L:K226R:A227P:V228*:D229T:L230W:E231K:T232R:Y233T:R234A,110.42,1,3331.403774,0,TRUE,25,0
S64T:L172P,91.76,1,157.0041798,0,FALSE,2,0
A74L:K75N:Y76T:R78A:H79T:I80L:A81R:D82T:F83S:F84S:K85S:S86P:T87P:Q88N:D90M:G91A:Y92T:S93V:Q94R:D95T:R96A:I97S:I98S:S99R:F100S:D101I:N102M:D103T:G104A:Q105S:Y106T:D107T:V108*:A110P:V112*:T113R:Y114M:E115R:N116T:G117V:T118H:L119Y:Y120T:N121T:R122A:V123L:T124P:V125*:K126R:G127A:T128L:G129V:F130S:K131S:S132Q:N133T:G134A:N135T:I136S:L137W:M139C:R140A:V141F:L142C:Y143T:H144T:S145R:P146H:H148T:A149Q:V150S:Y151I:I152S:L153C:P154L:D155T:R156A:K157R:N158M:G159V:G160A:L161*:K162R:I163L:E164C:Y165I:N166T:K167R:A168P:F169L:D170T:V171Y:L172W:G173A:G174A:G175V:H176T:Q177R:M178W:A179P:R180V:H181T:A182P:Q183S:F184S:N185T:K186S:G189A:A190H:W191G:E192R:E193K:D194I:Y195T:P197L:Y198T:H199T:H200T:L201*:T202Q:V203C:W204G:T205L:S206A:F207S:G208A:D210T:D212M:D213T:D214T:E215R:T216K:D217I:H218T:T220R:I221S:V222S:E223R:V224S:I225L:K226R:A227P:V228*:D229T:L230W:E231K:T232R:Y233T:R234A,91.7,1,2575.28586,0,TRUE,149,0
G159V:P211T:D213G,40.96,1,57,0,FALSE,3,0
T2A:L3P:P4T:I17V:V34E:T40A:K75Q:L161M:D170E:L172M:H181Y:P197L:D214G,29.67,1,57,0,FALSE,13,0
L66M:Q105*:L201R,28.2,1,57,0,FALSE,3,0
F71C:V171E:D210Y:T216A,48.34,1,4007.449794,0,FALSE,4,0
K28E:H148R:Q183L,26.11,1,57.00000002,0,FALSE,3,0
K32R:G33A:V34L:G35A:T36L:G37A:D38M:A39P:T40P:T41R:G42A:T43P:I44S:K45R:A46R:K47S:Y48T:I49S:C50A:T52G:G53D:D54L:L55P:P56V:V57P:P58W:W59A:A60T:T61I:I62L:L63S:S65L:L66S:S67Y:Y68G:G69V:V70F:F71C:C72F:F73*:A74I:K75P:Y76P:R78H:H79C:I80G:A81L:D82L:F83Q:F84V:K85H:S86P:Q88R:P89W:D90L:G91Q:Y92S:S93G:Q94P:D95H:R96H:I97L:I98V:S99R:F100Q:D101*:N102R:D103P:G104V:Q105R:Y106R:D107E:V108S:K109Q:A110S:K111G:T113*:Y114E:E115R:N116Y:G117T:T118I:L119Q:Y120P:N121R:R122Y:V123R:T124E:V125G:K126H:G127W:T128F:G129Q:F130V:S132R:N133Q:G134H:N135P:I136G:L137D:G138A:M139R:R140F:L142P:Y143L:H144A:S145T:P147R:H148S:A149L:V150Y:Y151L:I152A:L153*:D155Q:R156E:K157W:N158W:G159L:G160K:L161D:K162*:I163V:E164*:Y165Q:N166G:K167L:A168*:F169R:D170T:V171G:L172R:G173R:G174S:G175P:H176D:Q177G:M178P:A179S:H181P:A182V:F184Q:N185A:K186P:P187W:L188R:G189M:A190G:W191V:E192R:E193L:D194P:Y195P:P196L:Y198P:H199P:H200V:L201S:T202V:V203D:W204*:T205L:S206L:F207Q:G208R:K209P:D210R:P211*:D212R:D213R:E215R:T216S:D217P:H218Y:L219D:T220R:I221R:V222G:E223H:V224*:I225G:K226R:A227R:V228L:D229G:L230N:E231V:T232P:Y233L,33.79,1,2106.657644,0,TRUE,189,0
D82E:D212V:L219H,37.73,1,57,0,FALSE,3,0
E13R:I14F:Y16I:I17S:T18P:E19S:L20W:E21R:G22A:D23T:V24*:E25R:G26A:M27*:K28S:F29S:I30S:I31L:K32R:G33A:V34L:G35A:T36L:G37A:D38M:A39P:T40P:T41R:G42A:T43P:I44S:K45R:A46R:K47S:Y48T:I49S:C50A:T51P:T52P:G53A:D54T:L55C:V57C:W59G:A60L:T61P:I62S:L63C:S64H:S65P:L66C:S67R:Y68T:G69A:V70C:C72A:F73S:A74*:K75I:Y76P:R78P:I80C:A81G:D82L:F83L:F84Q:K85V:S86H:T87P:Q88T:P89R:D90W:G91L:Y92Q:Q94G:D95P:R96H:I97H:I98L:S99V:F100R:D101Q:N102*:D103R:G104P:Q105V:Y106R:D107R:V108E:K109S:A110Q:K111S:V112D:T113V:Y114*:N116R:G117Y:L119I:Y120Q:N121P:V123Y:T124R:V125E:K126G:G127H:T128W:G129F:F130Q:K131V:S132K:N133R:G134Q:N135H:I136P:L137G:G138D:M139A:V141F:L142V:Y143P:H144L:S145A:P146T:H148R:A149S:V150L:I152L:L153A:P154*:D155P:R156Q:K157E:N158W:G159W:G160L:L161K:K162D:I163*:E164V:Y165*:N166Q:K167G:A168L:F169*:D170R:V171T:L172G:G173R:G174R:G175S:H176P:Q177D:M178G:A179P:R180S:H181R:A182P:Q183V:F184Q:N185Q:K186A:L188W:G189R:A190M:W191G:E192G:E193R:D194L:Y195P:P197L:Y198P:H199P:H200P:L201D:T202S:V203A:W204D:T205*:S206L:F207R:G208Q:K209R:D210P:P211R:D212*:D213R:D214R:E215D:T216R:D217S:H218P:L219Y:T220D:I221R:V222R:E223G:V224H:I225*:K226G:A227R:V228R:D229L:L230G:E231N:T232V:Y233P:R234L,62.33,1,2116.196283,0,TRUE,207,0
K167M,2825.42,1,5383.495763,0,FALSE,1,0
V108M:H148L,30.97,1,57,0,FALSE,2,0
L20P:D38E:G129C:N135S,26.84,1,941.7996434,0,FALSE,4,0
I14T:E19V:I30N:K167N,46.9,1,114.1658003,0,FALSE,4,0
W59R:G117S:G127D:G189D,31.49,1,1031.237213,0,FALSE,4,0
I80T:F207S,83.42,1,2911.602003,0,FALSE,2,0
V34A:A74T:R96H:R180L:A227V,25.49,1,57.00643108,0,FALSE,5,0
T36I:T61I:K85E:G175D,72.97,1,3385.163526,0,FALSE,4,0
E19*,182.82,1,3829.205417,0,FALSE,1,0
I152V:W191C:L219H:L230S,40.19,1,57,0,FALSE,4,0
T220R:I221S:V222S:E223R:V224S:I225L:K226R:A227P:V228*:D229T:L230W:E231K:T232R:Y233T:R234A,29.84,1,57,0,TRUE,15,0
L63Q:T124I:K186T,129.82,1,161.6788727,0,FALSE,3,0
F29L:G42D:A179D:G208S,46.98,1,721.1063705,0,FALSE,4,0
S93N:I163N:K226E,31.57,1,3031.154061,0,FALSE,3,0
G69S:Y92K:G134D:D210Y,27.57,1,57,0,FALSE,4,0
K157R:N166D:T220P,28.67,1,2677.682829,0,FALSE,3,0
L142C:Y143T:H144T:S145R:P146H:H148T:A149Q:V150S:Y151I:I152S:L153C:P154L:D155T:R156A:K157R:N158M:G159V:G160A:L161*:K162R:I163L:E164S:Y165I:N166T:K167R:A168P:F169L:D170T:V171Y:L172W:G173A:G174A:G175V:H176T:Q177R:M178W:A179P:R180V:H181T:A182P:Q183S:F184S:N185T:K186S:G189A:A190H:W191G:E192R:E193K:D194I:Y195T:P197L:Y198T:H199T:H200T:L201*:T202Q:V203C:W204G:T205L:S206A:F207S:G208A:D210T:D212M:D213T:D214T:E215R:T216Q:D217I:H218T:T220R:I221S:V222S:E223R:V224S:I225L:K226R:A227P:V228*:D229T:L230W:E231K:T232R:Y233T:R234A,53.35,1,3983.63963,0,TRUE,86,0
Y76H:D229N,43.43,1,2043.610804,0,FALSE,2,0
Y106N:V108M:K111E:N116D:G134C,87.82,1,2959.511808,0,FALSE,5,0
M27V:K85*:L142*,25.86,1,57,0,FALSE,3,0
Y143*:K186*:V228L,55.26,1,798.0558651,0,FALSE,3,0
K85*:W191R,38.36,1,533.2205259,0,FALSE,2,0
H79R:G127V:P154H:H218R,27.28,1,1708.906993,0,FALSE,4,0
F10L:D54G:A81T:Q88H:D90M:G91A:Y92T:S93V:Q94R:D95T:R96A:I97S:I98S:S99R:F100*:D101T:N102M:D103T:G104A:Q105S:Y106T:D107T:V108*:A110P:V112*:T113R:Y114M:E115R:N116T:G117V:T118H:L119Y:Y120T:N121T:R122A:V123L:T124P:V125*:K126R:G127A:T128L:G129V:F130S:K131S:S132Q:N133T:G134A:N135T:I136S:L137W:M139C:R140A:V141F:L142C:Y143T:H144T:S145R:P146H:H148T:A149Q:V150S:Y151I:I152S:L153C:P154L:D155T:R156A:K157R:N158M:G159V:G160A:L161*:K162R:I163L:E164S:Y165I:N166T:K167R:A168P:F169L:D170T:V171Y:L172W:G173A:G174A:G175V:H176T:Q177R:M178W:A179P:R180V:H181T:A182P:Q183S:F184S:N185T:K186S:G189A:A190P:W191G:E192R:E193K:D194I:Y195T:P197L:Y198T:H199T:H200T:L201*:T202Q:V203C:W204G:T205L:S206A:F207S:G208A:D210T:D212M:D213T:D214T:E215R:T216Q:D217I:H218T:T220R:I221S:V222S:E223R:V224S:I225L:K226R:A227P:V228*:D229T:L230W:E231K:T232R:Y233T:R234A,28.55,1,57.00000064,0,TRUE,139,0
E5D:S86F:G127D,30.91,1,3968.833387,0,FALSE,3,0
F84S:P187L,44.25,1,558.1581813,0,FALSE,2,0
E11G:L63Q,100.34,1,143.9182711,0,FALSE,2,0
K12R:T18I:V70M:G91S:P211L,35.87,1,1811.487758,0,FALSE,5,0
M27T:S86Y:P196T,53.18,1,2099.430025,0,FALSE,3,0
V141I:N158I:Y195C:D229Y,31.99,1,3795.537507,0,FALSE,4,0
V203G,38.28,1,57,0,FALSE,1,0
P58H,136.06,1,196.4572402,0,FALSE,1,0
E21V:K157*,25.74,1,3167.818315,0,FALSE,2,0
P56S:L201Q,34.58,1,57,0,FALSE,2,0
G42A:T43P:I44S:K45R:A46R:K47S:Y48T:I49S:C50A:T51P:T52P:G53A:D54T:L55C:V57R:W59G:A60L:T61P:I62S:L63C:S64H:S65P:L66C:S67R:Y68T:G69A:V70C:C72A:F73S:A74L:K75N:Y76T:R78A:H79T:I80L:A81R:D82T:F83S:F84S:K85S:S86P:T87P:Q88N:D90M:G91A:Y92T:S93V:Q94R:D95T:R96A:I97S:I98S:S99R:F100S:D101T:N102M:D103T:G104A:Q105S:Y106T:D107T:V108*:A110P:V112*:T113R:Y114M:E115R:N116T:G117V:T118H:L119Y:Y120T:N121T:R122A:V123L:T124P:V125*:K126R:G127A:T128L:G129V:F130S:K131S:S132Q:N133T:G134A:N135T:I136S:L137W:M139C:R140A:V141F:L142C:Y143T:H144T:S145R:P146H:H148T:A149Q:V150S:Y151I:I152S:L153C:P154L:D155T:R156A:K157R:N158M:G159V:G160A:L161*:K162R:I163L:E164S:Y165I:N166T:K167R:A168P:F169L:D170T:V171Y:L172W:G173A:G174A:G175V:H176T:Q177R:M178W:A179P:R180V:H181T:A182P:Q183S:F184S:N185T:K186S:G189A:A190H:W191G:E192R:E193K:D194I:Y195T:P197L:Y198T:H199T:H200T:L201*:T202Q:V203C:W204G:T205L:S206A:F207S:G208A:D210T:D212M:D213T:D214T:E215R:T216Q:D217I:H218T:T220R:I221S:V222S:E223R:V224S:I225L:K226R:A227P:V228*:D229T:L230W:E231K:T232R:Y233T:R234A,25.18,1,57,0,TRUE,178,0
L3H:Y16N:D101E:K109E,31.7,1,423.9443299,0,FALSE,4,0
Q94H,153.04,1,178.6739189,0,FALSE,1,0
Y68F:F83L:T113K,29.71,1,884.4678755,0,FALSE,3,0
I30V:G33D:L63R:S64H:S65P:L66C:S67R:Y68T:G69A:V70C:C72A:F73P:A74*:K75I:Y76P:R78P:I80C:A81G:D82L:F83L:F84Q:K85V:S86H:T87P:Q88T:P89R:D90W:G91L:Y92Q:Q94G:D95P:R96H:I97H:I98L:S99V:F100R:D101Q:N102*:D103R:G104P:Q105V:Y106R:D107R:V108E:K109S:A110Q:K111S:V112D:T113V:Y114L:N116R:G117Y:L119I:Y120Q:N121P:V123Y:T124R:V125E:K126G:G127H:T128W:G129F:F130Q:K131V:S132K:N133R:G134Q:N135H:I136P:L137G:G138D:M139A:V141F:L142V:Y143P:H144L:S145A:P146T:H148R:A149S:V150L:I152L:L153A:P154*:D155P:R156Q:K157E:N158W:G159W:G160L:L161K:K162D:I163*:E164V:Y165*:N166Q:K167G:A168L:F169*:D170R:V171T:L172G:G173R:G174R:G175S:H176P:Q177D:M178G:A179S:R180S:H181R:A182P:Q183V:F184R:N185L:K186A:L188W:G189R:A190M:W191G:E192G:E193R:D194L:Y195P:P197L:Y198P:H199P:H200P:L201D:T202S:W204D:T205*:S206L:F207R:G208Q:K209I:D210P:P211R:D212*:D213R:D214R:E215D:T216R:D217S:H218P:L219Y:T220D:I221R:V222R:E223G:V224H:I225*:K226G:A227R:V228R:D229L:L230G:E231N:T232V:Y233P:R234L,56.43,1,4171.267929,0,TRUE,161,0
I14V:G22A:D23T:V24*:E25R:G26A:M27*:K28S:F29S:I30S:I31L:K32R:G33A:V34L:G35A:T36L:G37A:D38M:A39P:T40P:T41R:G42A:T43P:I44S:K45R:A46R:K47S:Y48T:I49S:C50A:T51P:T52P:G53A:D54T:L55C:V57C:W59G:A60L:T61P:I62S:L63C:S64H:S65P:L66C:S67R:Y68T:G69A:V70C:C72A:F73S:A74*:K75I:Y76P:R78P:I80C:A81G:D82L:F83L:F84Q:K85V:S86H:T87P:Q88T:P89R:D90W:G91L:Y92Q:Q94G:D95P:R96H:I97H:I98L:S99V:F100R:D101Q:N102*:D103R:G104P:Q105V:Y106R:D107R:V108E:K109S:A110Q:K111S:V112D:T113V:Y114*:N116R:G117Y:L119I:Y120Q:N121P:V123Y:T124R:V125E:K126G:G127H:T128W:G129F:F130Q:K131V:S132K:N133R:G134Q:N135H:I136P:L137G:G138D:M139A:V141F:L142V:Y143P:H144L:S145A:P146T:H148R:A149S:V150L:I152L:L153A:P154*:D155P:R156Q:K157E:N158W:G159W:G160L:L161K:K162D:I163*:E164V:Y165*:N166Q:K167G:A168L:F169*:D170R:V171T:L172G:G173R:G174R:G175S:H176P:Q177D:M178G:A179P:R180S:H181R:A182P:Q183V:F184Q:N185Q:K186A:L188W:G189R:A190M:W191G:E192G:E193R:D194L:Y195P:P197L:Y198P:H199P:H200P:L201D:T202S:W204D:T205*:S206L:F207R:G208Q:K209R:D210P:P211R:D212*:D213R:D214R:E215D:T216R:D217S:H218P:L219Y:T220D:I221R:V222R:E223G:V224H:I225*:K226G:A227R:V228R:D229L:L230G:E231N:T232V:Y233P:R234L,77.63,1,2774.09238,0,TRUE,199,0
F71V:R78A:H79T:I80L:A81R:D82T:F83S:F84S:K85S:S86P:T87P:Q88N:D90M:G91A:Y92T:S93V:Q94R:D95T:R96A:I97S:I98S:S99R:F100S:D101T:N102M:D103T:G104A:Q105S:Y106T:D107T:V108*:A110P:V112*:T113R:Y114M:E115R:N116T:G117V:T118H:L119Y:Y120T:N121T:R122A:V123L:T124P:V125*:K126R:G127A:T128L:G129V:F130S:K131S:S132Q:N133T:G134A:N135T:I136S:L137W:M139C:R140A:V141F:L142C:Y143T:H144T:S145R:P146H:H148T:A149Q:V150S:Y151I:I152S:L153C:P154L:D155T:R156A:K157R:N158M:G159V:G160A:L161*:K162R:I163L:E164S:Y165I:N166T:K167R:A168P:F169L:D170T:V171Y:L172W:G173A:G174A:G175V:H176T:Q177R:M178W:A179P:R180V:H181T:A182P:Q183S:F184S:N185T:K186S:G189A:A190H:W191G:E192R:E193K:D194I:Y195T:P197L:Y198T:H199T:H200T:L201*:T202Q:V203C:W204G:T205L:S206A:F207S:G208A:D210T:D212M:D213T:D214T:E215R:T216Q:D217I:H218T:T220R:I221S:V222S:E223R:V224S:I225L:K226R:A227P:V228*:D229T:L230W:E231K:T232R:Y233I:R234A,35.6,1,57,0,TRUE,147,0
D103G:G134S:Y143H:L161F:H199Y:D217G,28.29,1,57.00000013,0,FALSE,6,0
E13*:N121D:K131M:N185I,107.09,1,2904.177437,0,FALSE,4,0
T1A:I17N:L153*:W204R,30.21,1,57,0,FALSE,4,0
Y16*:M178K,105.13,1,2945.05084,0,FALSE,2,0
Q88K:V228A,35.21,1,2047.348024,0,FALSE,2,0
H148L:L201M,28.6,1,57,0,FALSE,2,0
F29S:D107N:M139C:R140A:V141F:L142R:Y143T:H144T:S145R:P146H:H148T:A149Q:V150S:Y151I:I152S:L153C:P154L:D155T:R156A:K157R:N158M:G159V:G160A:L161*:K162R:I163L:E164S:Y165I:N166T:K167R:A168P:F169L:D170T:V171Y:L172W:G173R:G174R:G175S:H176P:Q177D:M178G:A179P:R180S:H181R:A182P:Q183V:F184Q:N185L:K186A:L188W:G189R:A190M:W191G:E192G:E193R:D194L:Y195P:P197L:Y198P:H199P:H200P:L201D:T202S:W204D:T205*:S206L:F207R:G208Q:K209R:D210P:P211R:D212*:D213R:D214R:E215D:T216R:D217S:H218P:L219Y:T220D:I221R:V222R:E223G:V224H:I225*:K226G:A227R:V228R:D229L:L230G:E231N:T232V:Y233P:R234L,50.86,1,1443.900594,0,TRUE,94,0
K12*:G26D:Y195C,27.31,1,3139.23764,0,FALSE,3,0
L9Q:E11K:L66P,35.71,1,57,0,FALSE,3,0
L142S:S145T:A149T:R180H,1674.84,1,277.066088,0,FALSE,4,0
V70A:Y92H:K109R:F207S:R234C,35.82,1,428.5911273,0,FALSE,5,0
E11G:V34I:I44L:R96H:D213E:K226*:A227T,31.43,1,1438.099668,0,FALSE,7,0
M139C:R140A:V141F:L142C:Y143T:H144T:S145R:P146H:H148T:A149Q:V150S:Y151I:I152S:L153C:P154L:D155T:R156A:K157R:N158M:G159V:G160A:L161*:K162R:I163L:E164S:Y165I:N166T:K167R:A168P:F169L:D170T:V171Y:L172W:G173A:G174A:G175V:H176T:Q177R:M178W:A179P:R180V:H181T:A182P:Q183S:F184S:N185T:K186S:G189A:A190H:W191G:E192R:E193K:D194I:Y195T:P197L:Y198T:H199T:H200T:L201*:T202Q:V203C:W204G:T205L:S206A:F207S:G208A:D210T:D212M:D213T:D214T:E215R:T216Q:D217I:H218T:T220R:I221S:V222S:E223R:V224S:I225L:K226R:A227P:V228*:D229T:L230W:E231K:T232R:Y233T:R234A,120.11,1,3823.950006,0,TRUE,89,0
A179D,27.63,1,98.15335208,0,FALSE,1,0
A39D:T40H:T41G:G42H:T43H:I44Q:K45G:A46E:K47V:Y48H:I49L:C50H:T51H:T52R:G53R:D54P:L55A:P56R:V57A:P58L:W59G:A60Y:T61H:I62P:L63V:S64I:S65P:L66V:S67V:Y68R:G69R:F71L:C72L:F73P:A74K:K75Y:Y76P:P77R:R78H:H79I:I80A:A81D:D82F:F84K:K85S:S86T:T87L:Q88P:P89D:D90G:G91Y:Y92S:S93Q:Q94D:D95R:R96I:I98S:S99F:F100D:D101N:N102D:D103G:G104Q:Q105Y:Y106D:D107V:V108R:K109A:A110K:K111V:V112S:T113Y:Y114E:E115N:N116G:G117T:T118L:L119Y:Y120N:N121R:R122V:V123T:T124V:V125K:K126G:G127T:T128G:G129F:F130K:K131S:S132N:N133G:G134N:N135I:I136L:L137G:G138M:M139R:R140V:V141L:L142Y:Y143H:H144S:S145P:P147H:H148A:A149V:V150Y:Y151I:I152L:L153P:P154D:D155R:R156K:K157N:N158G:G160L:L161K:K162I:I163E:E164Y:Y165N:N166K:K167A:A168F:F169D:D170V:V171L:L172G:G175H:H176Q:Q177M:M178A:A179R:R180H:H181A:A182Q:Q183F:F184N:N185K:K186P:P187L:L188G:G189A:A190W:W191E:E193D:D194Y:Y195P:P197Y:Y198H:H200L:L201T:T202V:V203W:W204T:T205S:S206F:F207G:G208K:K209D:D210P:P211D:D214E:E215T:T216D:D217H:H218L:L219T:T220I:I221V:V222E:E223V:V224I:I225K:K226A:A227V:V228D:D229L:L230E:E231T:T232Y:Y233R:R234*,44.95,1,2059.795139,0,TRUE,184,0
L55M:D103G,1185.14,1,281.7053227,0,FALSE,2,0
E11*,100.34,1,3439.446811,0,FALSE,1,0
Q105H:Q183R,44.42,1,1733.084964,0,FALSE,2,0
C50G:Y195H:T202S,119.47,1,5041.425607,0,FALSE,3,0
G42S:V70A:K131*,26.27,1,917.6406428,0,FALSE,3,0
E115V:K157R:D210G:V222A,54.67,1,2445.90362,0,FALSE,4,0
Y16N:Q94*:Q183K,28.97,1,2273.403421,0,FALSE,3,0
A60D:K131E,30.44,1,57.00000001,0,FALSE,2,0
T51S:I62S:L63C:S64H:S65P:L66C:S67R:Y68T:G69A:V70C:C72A:F73S:A74*:K75I:Y76P:R78P:I80C:A81G:D82L:F83L:F84Q:K85V:S86H:T87P:Q88T:P89R:D90W:G91L:Y92Q:Q94G:D95P:R96H:I97H:I98L:S99V:F100R:D101Q:N102*:D103R:G104P:Q105V:Y106R:D107R:V108E:K109S:A110Q:K111S:V112D:T113V:Y114*:N116R:G117Y:L119I:Y120Q:N121P:V123Y:T124R:V125E:K126G:G127H:T128W:G129F:F130Q:K131V:S132K:N133R:G134Q:N135H:I136P:L137G:G138D:M139A:V141F:L142V:Y143P:H144L:S145A:P146T:H148R:A149S:V150L:I152L:L153A:P154*:D155P:R156Q:K157E:N158W:G159W:G160L:L161K:K162D:I163*:E164V:Y165*:N166Q:K167G:A168L:F169*:D170R:V171T:L172G:G173R:G174R:G175S:H176P:Q177D:M178G:A179P:R180S:H181R:A182P:Q183V:F184Q:N185Q:K186A:L188W:G189R:A190M:W191G:E192G:E193R:D194L:Y195P:P197L:Y198P:H199P:H200P:L201D:T202S:W204D:T205*:S206L:F207R:G208Q:K209R:D210P:P211R:D212*:D213R:D214R:E215D:T216R:D217S:H218P:L219Y:T220D:I221R:V222R:E223G:V224H:I225*:K226G:A227R:V228R:D229L:L230G:E231N:T232V:Y233P:R234L,51.52,1,977.9027168,0,TRUE,161,0
D23V:L66R:H144R,39.86,1,3922.509679,0,FALSE,3,0
S64P:S86T:K209N,25.76,1,57.00937409,0,FALSE,3,0
L3P:Y106N,30.91,1,57,0,FALSE,2,0
H200P,36.47,1,57,0,FALSE,1,0
L3H:V112A:L230S:E231D:T232V:Y233P:R234L,31,1,57,0,TRUE,7,0
L219H:E223V,26.13,1,2239.184339,0,FALSE,2,0
I44N:Y68*:K109I:L119Q,49.26,1,2235.075958,0,FALSE,4,0
L3P:P56H:N185Y:W191*,74.98,1,3171.484964,0,FALSE,4,0
E13R:I14F:Y16I:I17S:T18P:E19S:L20W:E21R:G22A:D23T:V24*:E25R:G26A:M27*:K28S:F29S:I30S:I31L:K32R:G33A:V34L:G35A:T36L:G37A:D38M:A39P:T40P:T41R:G42A:T43P:I44S:K45R:A46R:K47S:Y48S:I49S:C50A:T51P:T52P:G53A:D54T:L55C:V57C:W59G:A60L:T61P:I62S:L63C:S64H:S65P:L66C:S67R:Y68T:G69A:V70C:C72A:F73S:A74*:K75I:Y76P:R78P:I80C:A81G:D82L:F83L:F84Q:K85V:S86H:T87P:Q88T:P89R:D90W:G91L:Y92Q:Q94G:D95P:R96H:I97H:I98L:S99V:F100R:D101Q:N102*:D103R:G104P:Q105V:Y106R:D107R:V108E:K109S:A110Q:K111S:V112D:T113V:Y114*:N116R:G117Y:L119I:Y120Q:N121P:V123Y:T124R:V125E:K126G:G127H:T128W:G129F:F130Q:K131V:S132K:N133R:G134Q:N135H:I136P:L137G:G138D:M139A:V141F:L142V:Y143P:H144L:S145A:P146T:H148R:A149S:V150L:I152L:L153A:P154*:D155P:R156Q:K157E:N158W:G159W:G160L:L161K:K162D:I163*:E164V:Y165*:N166Q:K167G:A168L:F169*:D170R:V171T:L172G:G173R:G174R:G175S:H176P:Q177D:M178G:A179P:R180S:H181R:A182P:Q183V:F184Q:N185Q:K186A:L188W:G189R:A190M:W191G:E192G:E193R:D194L:Y195P:P197L:Y198P:H199P:H200P:L201D:T202S:V203M:W204D:T205*:S206L:F207R:G208Q:K209R:D210P:P211R:D212*:D213R:D214R:E215D:T216R:D217S:H218P:L219Y:T220D:I221R:V222R:E223G:V224H:I225*:K226G:A227R:V228R:D229L:L230G:E231N:T232V:Y233P:R234L,53.34,1,1817.16341,0,TRUE,207,0
wt_ctrl_cgre626,3899.06,1,4310.403314,0,FALSE,1,0
E21K:P147S:A168T,234.41,1,3839.928317,0,FALSE,3,0
F73L:S93T:V150L,98.99,1,4024.225377,0,FALSE,3,0
T43S:E193V:L230M,58.51,1,3185.199337,0,FALSE,3,0
H144Y:I221V:I225V,2656.61,1,3685.018103,0,FALSE,3,0
Y151C,8580.12,2,1880.76475,9.45,FALSE,1,0.005024552
I31V:G127V:L153*:E164G:E215V,41.46,1,3823.809016,0,FALSE,5,0
D23V:A39V,25.8,1,2181.551336,0,FALSE,2,0
N135D:L230M,1214.07,1,3521.475539,0,FALSE,2,0
T118I:H176R,108.35,1,4054.132014,0,FALSE,2,0
D54H:L172P,1258.36,1,4335.281629,0,FALSE,2,0
L3P:F184S,2723.99,1,4528.721616,0,FALSE,2,0
A7V:N158S,980.12,1,4473.289667,0,FALSE,2,0
E13G:Y48F,2179.09,1,4215.94294,0,FALSE,2,0
K109I,2799.12,2,4292.452162,6.08,FALSE,1,0.00141644
Y106F,2043.76,1,4406.365258,0,FALSE,1,0
I49F:S132P:R140H:Y151N:N166I,666.7,1,1524.971139,0,FALSE,5,0
N133D:K186T,1002.8,1,4429.003287,0,FALSE,2,0
A7V:E19V:K32M,728.62,1,4265.393776,0,FALSE,3,0
K111I:F207I:I225V,1452.88,1,2604.625667,0,FALSE,3,0
Q105L:P197T,1338.8,1,4372.056354,0,FALSE,2,0
V112A:A182V,1644.7,1,3656.680595,0,FALSE,2,0
E13V:V123A,1521.46,1,4276.142187,0,FALSE,2,0
F71L:V123A:P211S:E231V,1173.29,1,732.2171872,0,FALSE,4,0
A81P:D95N:Q177L:T216A,1175.2,1,4235.974864,0,FALSE,4,0
K28R:P146L,2270.92,1,3719.277457,0,FALSE,2,0
Y143H:K186M,2484.1,1,4519.855819,0,FALSE,2,0
M139T,2025.68,2,4126.732278,1.21,FALSE,1,0.00029321
D170E:H200N,2136.8,1,4222.326429,0,FALSE,2,0
K75I:I152V,1477.9,1,4304.47199,0,FALSE,2,0
T2S:D90E:V203A,1572.19,1,614.5408181,0,FALSE,3,0
D101Y:Q177H,41.38,1,2034.096796,0,FALSE,2,0
E21V:V150I,3076.16,1,4442.38333,0,FALSE,2,0
M178L,2016.15,1,4557.269057,0,FALSE,1,0
L3P:K75I:E231D,1491.74,1,4100.420278,0,FALSE,3,0
I62L:S86C:T113M,890.36,1,4439.82636,0,FALSE,3,0
K131E:T232A,2042.72,1,4267.147666,0,FALSE,2,0
K28Q:K32E:D38N,1356.44,1,4265.182305,0,FALSE,3,0
L3P:A74T:K167M:H176Y:V222I,1237.13,1,5269.998586,0,FALSE,5,0
I98V,4312.67,3,4357.435056,6.4,FALSE,1,0.001468754
K111E:R156S,1172.68,1,4144.896908,0,FALSE,2,0
I98V:F207L,2001.93,1,4258.942104,0,FALSE,2,0
I30F,2012.96,1,4500.350739,0,FALSE,1,0
S132L:E193D,369.35,1,4495.42648,0,FALSE,2,0
L66M:Y198F:T205S,1096.99,1,796.4857606,0,FALSE,3,0
D23E:Y120C:V141I,3026.22,1,4335.425085,0,FALSE,3,0
T128S:T216R,1775.3,1,4459.181643,0,FALSE,2,0
E19D:I30T:T128S,2272.49,1,4321.963479,0,FALSE,3,0
V203L:W204L,29.79,1,4172.645498,0,FALSE,2,0
G208R,1461.98,1,4169.694718,0,FALSE,1,0
F71L:R140H,620.15,1,2227.874059,0,FALSE,2,0
E21G:I49V,1540.77,1,4348.492251,0,FALSE,2,0
E11D:R156H,1472.59,1,4580.07836,0,FALSE,2,0
N121S,1793.5,2,3705.179508,12.1,FALSE,1,0.003265699
I14L:I80V,1531.84,1,4477.397854,0,FALSE,2,0
H144N,980.64,1,4598.494517,0,FALSE,1,0
K131T,645.29,1,4589.318553,0,FALSE,1,0
P146S:G174R,878.31,1,2188.829987,0,FALSE,2,0
G129D:V222A,691.36,1,4205.949863,0,FALSE,2,0
I17N:K111E:I225V,147.64,1,2718.340362,0,FALSE,3,0
A81T:G208C,74.53,1,4173.617428,0,FALSE,2,0
T124I:L137M:D213G,643.46,1,3906.818321,0,FALSE,3,0
E21K:S206N,637.8,1,4415.690426,0,FALSE,2,0
D23V:V24I:R78H,604.97,1,4335.798616,0,FALSE,3,0
V57L,605.37,1,4117.555388,0,FALSE,1,0
P4T,769.58,1,4518.495759,0,FALSE,1,0
E21K:T61S:Y114F:E193V,775.43,1,4269.158521,0,FALSE,4,0
T113M:F184I,985.08,1,4439.940339,0,FALSE,2,0
T202A:I225T,412.21,1,694.4422056,0,FALSE,2,0
F130I,1340.93,4,3802.360958,65.28,FALSE,1,0.017168281
T52S:S65T:H144N,1156.54,1,1403.367035,0,FALSE,3,0
L3H:K45M,238.35,1,4271.034427,0,FALSE,2,0
K45N:L142F,1177.3,1,4257.327903,0,FALSE,2,0
K131M,2470.33,3,4394.27611,44.56,FALSE,1,0.010140464
D38Y:S99T:E215V:A227V,639.55,1,3845.900415,0,FALSE,4,0
A7V:E231Q,781.21,1,4279.528514,0,FALSE,2,0
L161V:D213G,1792.76,1,4171.490479,0,FALSE,2,0
I49V:F130L:A182V,1925.45,1,4277.413929,0,FALSE,3,0
T41A:S65T,296.53,1,3592.568416,0,FALSE,2,0
P146L,1506.86,2,3781.623056,14.2,FALSE,1,0.003755001
T52A:K157E,1551.62,1,4199.950128,0,FALSE,2,0
K109N:N166D,601.65,1,2493.214222,0,FALSE,2,0
G138R:L172Q,1028.62,1,4378.423987,0,FALSE,2,0
F71Y:T220M,873.56,1,4138.467728,0,FALSE,2,0
A7T:I30T:T36I:T40A:I62V:R156H,1421.4,1,4410.621667,0,FALSE,6,0
K45E:L119V,594.72,1,4357.502068,0,FALSE,2,0
T51I:T205S,1293,1,4087.178516,0,FALSE,2,0
D54G:T202S,891.52,1,4387.793276,0,FALSE,2,0
K167T,3294.91,3,1636.636995,25.13,FALSE,1,0.015354657
N135I:D170G,878.33,1,4226.016608,0,FALSE,2,0
T1N:N102D:F207I,743.5,1,4243.445058,0,FALSE,3,0
I14T:K126E,1144.91,1,4336.85359,0,FALSE,2,0
L3I:M27T:R140C:G174D:G175D,124.39,1,2225.468221,0,FALSE,5,0
K111I:A182T,1040.81,1,4271.173276,0,FALSE,2,0
T1N:E25D:T124S,421.63,1,4507.491106,0,FALSE,3,0
D23N:F184L,930.18,1,4468.526483,0,FALSE,2,0
T52S:T124S:G159S:D194E,1218.99,1,4291.377112,0,FALSE,4,0
P147R:T202I,864.3,1,661.4503131,0,FALSE,2,0
S99L:R234C,1829.79,1,4120.80814,0,FALSE,2,0
E25G:G26S,1219.3,1,4206.483414,0,FALSE,2,0
D54G:T128I:N166T,1056.64,1,4191.200465,0,FALSE,3,0
D90E:E115D:H144L,918.9,1,4186.363005,0,FALSE,3,0
I163F,543.33,1,3261.81506,0,FALSE,1,0
E192V,629.89,1,4475.283313,0,FALSE,1,0
D23N:R78H,927.44,1,4520.202785,0,FALSE,2,0
K126M:I136V:K209E,448.89,1,4052.995423,0,FALSE,3,0
K12E:P211H,1643.43,1,4314.272571,0,FALSE,2,0
E11D:D194Y,1965.5,1,4367.546753,0,FALSE,2,0
D38N:E193D,1270.93,1,4451.334867,0,FALSE,2,0
K8M:R140H,1071.7,1,4295.038547,0,FALSE,2,0
K28E:L63M:E193G,704.27,1,4000.520765,0,FALSE,3,0
E21K:T202S:Y233N,574.92,1,895.050924,0,FALSE,3,0
L9P:T36I:R156S,369.51,1,4023.040994,0,FALSE,3,0
T40I:G208C,1235.69,1,3980.778592,0,FALSE,2,0
T18A:T43A:H144Q,1204.36,1,4316.641188,0,FALSE,3,0
D95G:K126R,827.21,1,4176.103322,0,FALSE,2,0
K45M:H144N,1777.92,1,4390.900884,0,FALSE,2,0
V141L:E192G,881.47,1,4530.232638,0,FALSE,2,0
D101E:A179V,1514.76,1,952.7623951,0,FALSE,2,0
A7T:T36A,197.57,1,4333.178773,0,FALSE,2,0
S64T:T220M,439.66,1,499.71153,0,FALSE,2,0
P4H:T128S,783.15,1,4364.002832,0,FALSE,2,0
S65P:D194N,2129.58,1,440.5359614,0,FALSE,2,0
E21V:I163L:V171L,606.69,1,4097.195637,0,FALSE,3,0
S206N,63.02,1,4474.421097,0,FALSE,1,0
P211A,564.08,1,4549.471961,0,FALSE,1,0
Y233*,178.62,1,359.5479045,0,FALSE,1,0
F71L:L188F,331.08,1,3839.644855,0,FALSE,2,0
K126M:R140C:L142S,302.47,1,4332.32172,0,FALSE,3,0
K109E:F184Y,405.14,1,4284.190574,0,FALSE,2,0
E25D:T52S:H79Y:T113S:E231V,230.92,1,1664.264454,0,FALSE,5,0
L230W,654.53,1,1500.197252,0,FALSE,1,0
T52A:Y114F:K209Q,257.01,1,3980.840367,0,FALSE,3,0
M27L:S64T,385.25,1,443.5539581,0,FALSE,2,0
E21V:G159A,566.87,1,4459.493712,0,FALSE,2,0
Y48F:F73Y,238.94,1,3938.522628,0,FALSE,2,0
V70M:L142F,64.63,1,2447.677868,0,FALSE,2,0
N102D:R122S,525.11,1,4181.771677,0,FALSE,2,0
T118I:Q183L,318.65,1,1972.868306,0,FALSE,2,0
K162E,415.87,1,4358.521332,0,FALSE,1,0
H200N,982.2,1,4190.040014,0,FALSE,1,0
F83Y,332.78,1,4229.443032,0,FALSE,1,0
G26D:P56T:Q88H,26.6,1,878.1420731,0,FALSE,3,0
T2I:K28R:P58S:D212Y:I225V,223.66,1,2837.02805,0,FALSE,5,0
N135Y:V141A:H144R,227.41,1,1417.273474,0,FALSE,3,0
R78S:D194E,299.55,1,4572.284371,0,FALSE,2,0
P58S,673.57,2,3778.253644,2.84,FALSE,1,0.00075167
Y114C:D170N:D217E,179.96,1,4251.868898,0,FALSE,3,0
T113S:L219F,209.51,1,3381.502905,0,FALSE,2,0
I14V:E25K:D107Y,388.47,1,4173.993958,0,FALSE,3,0
N158K,2141.96,2,4509.187291,13.66,FALSE,1,0.003029371
G129D:K162E,235.06,1,3917.777124,0,FALSE,2,0
P4T:A81V,289.31,1,4630.328053,0,FALSE,2,0
P89S:K111R,83.94,1,4146.891001,0,FALSE,2,0
Q88H:D107N,193.77,1,4292.894017,0,FALSE,2,0
N133K:L137Q:D170G,502.44,1,1772.280063,0,FALSE,3,0
G26D:S67T:N102K,124.01,1,3476.731657,0,FALSE,3,0
E11G:T41S,1538.49,1,4512.411374,0,FALSE,2,0
E19D:A149T:H181L,583.33,1,741.1614645,0,FALSE,3,0
K209N:D217E,980.74,1,4191.258956,0,FALSE,2,0
K8N:D214E,181.72,1,4558.431379,0,FALSE,2,0
A39S:A60P:I62F,36.12,1,2979.906721,0,FALSE,3,0
K157M:N185D,389.19,1,1705.849334,0,FALSE,2,0
T36S:T41S:I49V:V228I,840.96,1,4402.571952,0,FALSE,4,0
D54V:F207Y,667.78,1,1026.196366,0,FALSE,2,0
D82N,199.08,1,4198.615774,0,FALSE,1,0
I17N:H176Y,560.64,1,4244.783123,0,FALSE,2,0
T52A:D214E,355.21,1,4231.670546,0,FALSE,2,0
T52A:D107V,194.21,1,4081.142661,0,FALSE,2,0
E19V:R78S:N116K,600.16,1,4458.524611,0,FALSE,3,0
T40A:E231G,628.15,1,4354.966143,0,FALSE,2,0
T51P:N158S,386.37,1,4074.07771,0,FALSE,2,0
L172P:Y198N,192.37,1,625.4513905,0,FALSE,2,0
K8M:A39S,690.03,1,4515.970751,0,FALSE,2,0
N185S,3330.93,2,3819.291815,63.22,FALSE,1,0.016552807
D23V:I49V:G134C,71.46,1,3136.706248,0,FALSE,3,0
K28E:H144R,396.83,1,4191.31715,0,FALSE,2,0
T51S:D213N,453.69,1,4027.391451,0,FALSE,2,0
D101N:A149V:K157E:F184Y:R234C,401.48,1,3844.922111,0,FALSE,5,0
N102D:N185S,366.44,1,3789.785339,0,FALSE,2,0
K28Q:S132L:H176Y,1132.22,1,4552.560911,0,FALSE,3,0
P146S:P154S,1740.41,1,3838.799407,0,FALSE,2,0
I49T:F100L,40.38,1,3289.614726,0,FALSE,2,0
N116I,441.99,1,4243.438079,0,FALSE,1,0
M27K:I80T,380.63,1,3817.41943,0,FALSE,2,0
T51I:D210Y,133.47,1,3674.353979,0,FALSE,2,0
I30V:D54V:W191L,379.32,1,4150.132696,0,FALSE,3,0
T52A:G134A,35.44,1,4174.920671,0,FALSE,2,0
E21K:S99T:E115D:T128A:A190E,400.63,1,4113.477022,0,FALSE,5,0
I221M,1114.49,1,4553.865214,0,FALSE,1,0
S86T:D213N:E231D,451.05,1,4347.656943,0,FALSE,3,0
T36A:Y233H,68.2,1,1835.559569,0,FALSE,2,0
I152V,415.79,1,4561.177295,0,FALSE,1,0
I136N:I152V,302.3,1,3132.990045,0,FALSE,2,0
A39T:T40I,55.98,1,2633.321848,0,FALSE,2,0
I14T:D90G,411.26,1,4507.684006,0,FALSE,2,0
Y16H:E19V:T113K,35.89,1,3687.260787,0,FALSE,3,0
V112A:K131E:I225V,243.64,1,2758.347641,0,FALSE,3,0
K47R:I49F,664.04,1,3951.873263,0,FALSE,2,0
E25G:G53C,30.88,1,2484.607467,0,FALSE,2,0
T40S:T87A,665.9,1,4526.09624,0,FALSE,2,0
K109T:T220R:V228I,361.35,1,4280.933048,0,FALSE,3,0
Y195C,235.16,1,3453.624505,0,FALSE,1,0
D101V:S145T,758.68,1,1296.192528,0,FALSE,2,0
P4L,679.34,1,4544.64397,0,FALSE,1,0
E11G:G208C,1403.11,1,4436.955451,0,FALSE,2,0
E13V:T220A,121.02,1,4453.523811,0,FALSE,2,0
P56L:K111I,29.7,1,3150.48971,0,FALSE,2,0
K75R:T118A:Y143H,1878.7,1,4415.358673,0,FALSE,3,0
D38E:D213G,329.26,1,3662.169922,0,FALSE,2,0
N158K:S206G,157.44,1,4395.526318,0,FALSE,2,0
I17T:F207S,446.12,1,3487.517598,0,FALSE,2,0
D23N:A46V:E215V,528.02,1,2652.246004,0,FALSE,3,0
R78P:D95Y:N158H,557.68,1,4254.24392,0,FALSE,3,0
M27T:G175D:F207I:D213V,337.04,1,3519.624321,0,FALSE,4,0
F29L:D212N,155.08,1,3382.963335,0,FALSE,2,0
T41M:T87S:N133I,26.64,1,2465.313637,0,FALSE,3,0
T61A:D214G,1028.7,1,794.1929777,0,FALSE,2,0
T1A,1000.05,1,4568.087232,0,FALSE,1,0
T61I:D170N,230.72,1,1781.122971,0,FALSE,2,0
K8N:T51I:A190P,599.66,1,4281.054719,0,FALSE,3,0
K32R:A182D:E231D,1824.23,1,4430.758873,0,FALSE,3,0
D23V:T51S,325.33,1,4323.069427,0,FALSE,2,0
I30N:D214E,304.51,1,4518.153367,0,FALSE,2,0
A7E:Y120H,618.72,1,4306.559926,0,FALSE,2,0
V34I:H79Q:N102Y,621.54,1,4234.912897,0,FALSE,3,0
V34G:D38N:D155E,278.58,1,3756.43894,0,FALSE,3,0
T18I:K32M,29.88,1,2776.873116,0,FALSE,2,0
I30V:I80V:D107Y,361.93,1,4118.003104,0,FALSE,3,0
H148N:P187H,372.14,1,3273.910073,0,FALSE,2,0
G129D:W191L,71.94,1,2391.120975,0,FALSE,2,0
G117S:L161I,392.74,1,4172.078266,0,FALSE,2,0
L219V,133.77,1,4106.432153,0,FALSE,1,0
T40S:S93R,416.78,1,4799.187154,0,FALSE,2,0
F83I,31.61,1,2907.109482,0,FALSE,1,0
E11*:C50Y:P56T:I225V,28.24,1,4008.995892,0,FALSE,4,0
F29L:A190V:P197L,59.91,1,1773.165864,0,FALSE,3,0
L219H:V222F,87.44,1,1471.403147,0,FALSE,2,0
Y48H:H79Y,40.75,1,2306.060913,0,FALSE,2,0
I31T:A182D,77.98,1,2732.912392,0,FALSE,2,0
P147L,309.72,1,2976.906762,0,FALSE,1,0
K28*:F71L:G104D:Q177*,25.22,1,3094.703392,0,FALSE,4,0
Y16C:A81E:N116H:F184L,662.63,1,3952.244182,0,FALSE,4,0
K8R:K111E:N135Y,273.98,1,4102.279973,0,FALSE,3,0
E5V:T52A:D194Y,312.27,1,4079.153758,0,FALSE,3,0
A110T:T118I,40.95,1,2814.172705,0,FALSE,2,0
F10L:D38V,25.63,1,1298.860518,0,FALSE,2,0
D95V:S206G,811.78,1,4177.350018,0,FALSE,2,0
G6C:T40A:P211L,405.75,1,4433.648696,0,FALSE,3,0
K8E:I49T,343.81,1,4336.367736,0,FALSE,2,0
K32N:S64T:V125L,1093.43,1,2006.689852,0,FALSE,3,0
G127A:Y151N:F207I:D212G:D214Y,203.4,1,745.2738693,0,FALSE,5,0
F71L:P77S:D170G,816.52,1,416.1122166,0,FALSE,3,0
D90V:R140H,318.97,1,4317.808738,0,FALSE,2,0
E21D:T36A:E192G,700.1,1,4404.292324,0,FALSE,3,0
T205N:D217E,830.88,1,3834.9849,0,FALSE,2,0
N102D:Y151C,357.72,1,1882.03556,0,FALSE,2,0
I49N:K111R:T220A,170.29,1,4059.369376,0,FALSE,3,0
D107V:Q177H,475.51,1,3577.760732,0,FALSE,2,0
I136T:D213G,183.37,1,2165.613816,0,FALSE,2,0
F83L:K126Q:E192G,31.76,1,1346.897837,0,FALSE,3,0
L55V:N116D,204.44,1,4395.163385,0,FALSE,2,0
G6C:Y114H:A182T,620.42,1,4379.677961,0,FALSE,3,0
L142S:N158T:M178I:E193K,1100.12,1,4299.782256,0,FALSE,4,0
G26D:L201V,142.21,1,4744.298075,0,FALSE,2,0
D101E:T118I:G159S,206.09,1,4190.79592,0,FALSE,3,0
K126M:K157E:L230M,781.8,1,4064.337518,0,FALSE,3,0
L3H:K209N,151.11,1,4217.894441,0,FALSE,2,0
K12E:E193V,654.73,1,4607.487143,0,FALSE,2,0
T41K:C72S:P89L,308.97,1,4083.115794,0,FALSE,3,0
P211S:A227V:R234C,149.79,1,3545.878152,0,FALSE,3,0
T113K:K226M,96.47,1,2477.411885,0,FALSE,2,0
R78S:L142S,160.01,1,4795.512164,0,FALSE,2,0
K75R:P89S:T124I,70.08,1,2300.890669,0,FALSE,3,0
S86T:K111N,165.44,1,4521.703614,0,FALSE,2,0
M27K:T36A,388.64,1,4287.225646,0,FALSE,2,0
W204C,1705.72,2,3926.14174,7.07,FALSE,1,0.00180075
P56A:R122H:M178I,230.5,1,3099.991444,0,FALSE,3,0
D38E:D95N:K167M:E192D,199.89,1,5138.13248,0,FALSE,4,0
K12E:G129C,168.46,1,4417.29704,0,FALSE,2,0
I44T,426.86,2,2731.304036,22.34,FALSE,1,0.008179243
P196S,61.17,1,2132.416977,0,FALSE,1,0
Y48C,486.57,3,3445.982975,127.61,FALSE,1,0.037031524
V70T:W191C,213.69,1,2269.231478,0,FALSE,2,0
T41A:V70A:K75I:E215V,117.8,1,2744.255058,0,FALSE,4,0
E11G:Y198C,300.37,1,1049.406803,0,FALSE,2,0
L9M,149.42,1,4422.266023,0,FALSE,1,0
V112L,931.03,1,4141.633493,0,FALSE,1,0
D107V:K162R,37.23,1,4686.424652,0,FALSE,2,0
L3P:G26D:T52S,516.11,1,4315.245385,0,FALSE,3,0
T40A:I49V:F71Y:A149V,53.74,1,4066.298889,0,FALSE,4,0
P77S:S99T:K111R,112.35,1,3485.784768,0,FALSE,3,0
R180C,453.44,3,3045.037411,118.62,FALSE,1,0.038955186
E115K:D229N,81.63,1,3233.571048,0,FALSE,2,0
H176Q,1236.74,1,4240.14138,0,FALSE,1,0
Y151N,2406.28,2,1807.997732,23,FALSE,1,0.012721255
N121K:K157R,100.59,1,1545.903732,0,FALSE,2,0
V34D:T128A,1470.15,1,4221.508527,0,FALSE,2,0
T51A:K126Q,491.42,1,4366.357173,0,FALSE,2,0
I98V:T220M,318.88,1,4282.173425,0,FALSE,2,0
K131E:K162M:F207Y,436.01,1,1506.995817,0,FALSE,3,0
Y114C:V228E,419.36,1,1535.715799,0,FALSE,2,0
L9Q:L63V,112.18,1,4368.931303,0,FALSE,2,0
Y195F,1074.76,2,4490.782399,21.77,FALSE,1,0.004847708
T40A:N116Y:F207Y,195.62,1,1673.939012,0,FALSE,3,0
D82N:K111R,414.69,1,4403.425494,0,FALSE,2,0
F29L:L55M:F184L:V228I,119.29,1,3533.408015,0,FALSE,4,0
P56H:Y143N:K226M,27.05,1,2749.344726,0,FALSE,3,0
D155G,239.49,2,3396.71337,233.09,FALSE,1,0.068622216
M27L:E192A:H218R,31.55,1,3128.197992,0,FALSE,3,0
K8N:S206G,616,1,4350.309631,0,FALSE,2,0
Y48F:F71L,378.44,1,4490.924863,0,FALSE,2,0
F169L:D229N,117.94,1,4297.942371,0,FALSE,2,0
F73L:R156C:D212V,54.87,1,1655.454697,0,FALSE,3,0
K109E:I163T,110.89,1,3629.928197,0,FALSE,2,0
A39V:K186R,27.15,1,2399.679575,0,FALSE,2,0
K28R:R78P:G129A:L172Q:W204R,526.02,1,3563.05059,0,FALSE,5,0
I30L:I31V:L153F:F207L,3215.87,1,4405.599236,0,FALSE,4,0
R122C,273.92,1,4217.704037,0,FALSE,1,0
N102Y:W191R,98.65,1,2000.498166,0,FALSE,2,0
T87S:S132T:G173S:M178V,69.75,1,3335.925929,0,FALSE,4,0
M27K:D82N,1189.76,1,4318.120946,0,FALSE,2,0
E11V:V171I,562.97,1,4549.116611,0,FALSE,2,0
C50S:N166K,78.2,1,491.4471689,0,FALSE,2,0
V34I:N102K,1810.67,1,4399.639485,0,FALSE,2,0
P4S:T18A:Y198H,235.16,1,1554.752453,0,FALSE,3,0
I30F:T36N:K157R,1030.94,1,4351.110093,0,FALSE,3,0
E5V:T40I:N135I,319.42,1,3770.366931,0,FALSE,3,0
K75I,1178.73,1,4190.221135,0,FALSE,1,0
R78H:S93I,540.41,1,4572.007174,0,FALSE,2,0
G6D:A110S,511.99,1,4126.46285,0,FALSE,2,0
T40S:F169L:D170G,1030.82,1,4448.153032,0,FALSE,3,0
N121H:V222F,631.12,1,4490.194898,0,FALSE,2,0
T40A:E193D,1514.27,1,4441.546618,0,FALSE,2,0
K109E:K126E,326.28,1,4135.992186,0,FALSE,2,0
H144R:H181N:W204R,601.05,1,728.8756269,0,FALSE,3,0
D90E:A227T,81.45,1,3392.020237,0,FALSE,2,0
T51I:H79Y:A149V,645.24,1,4449.196697,0,FALSE,3,0
G175D:D212V,240.94,1,4376.513034,0,FALSE,2,0
P4L:D38N:Y48C,264.5,1,2419.008335,0,FALSE,3,0
D23V:T51I,677.34,1,4458.178175,0,FALSE,2,0
A81V,1205.02,2,4412.557141,37.3,FALSE,1,0.008453148
D107G:E193D:G208D,136.58,1,4107.279178,0,FALSE,3,0
C72F:S93G,57.53,1,2732.307756,0,FALSE,2,0
F169L:N185D,788.15,1,1603.297566,0,FALSE,2,0
G189A:E215V,557.19,1,4338.475884,0,FALSE,2,0
E5D:D210V,488.32,1,4065.390057,0,FALSE,2,0
L137V:V222D,197.99,1,3142.371573,0,FALSE,2,0
T18A:V150I,865.69,1,4674.238585,0,FALSE,2,0
E193V:D213G,450.97,1,4111.729536,0,FALSE,2,0
P15L:S99T:Q105H,893.21,1,4311.725008,0,FALSE,3,0
T51I:K162R:Q177L,435.03,1,4446.786685,0,FALSE,3,0
I221L,46.37,1,4728.28614,0,FALSE,1,0
I30V:V70M,491.86,1,3319.597026,0,FALSE,2,0
S93C:K111R:Y114F:V150L,837.86,1,4189.014029,0,FALSE,4,0
G6S:I97T,682.52,1,4559.145487,0,FALSE,2,0
T118R:L230M,491.52,1,4016.758472,0,FALSE,2,0
Q105R:G208C,500.66,1,4332.260121,0,FALSE,2,0
K28E:G173S,699.94,1,4277.779185,0,FALSE,2,0
N102K:N158T,523.38,1,4311.795398,0,FALSE,2,0
G208V,25.89,1,4166.120217,0,FALSE,1,0
P187H:D217E,25.26,1,2133.315518,0,FALSE,2,0
E11G:E25D:M27I,425.86,1,4357.438841,0,FALSE,3,0
R78H:K186N,119.01,1,4182.110339,0,FALSE,2,0
I98V:A149T:G160V,758.91,1,4120.746571,0,FALSE,3,0
I49V:T216I,554,1,4329.94819,0,FALSE,2,0
L3P:I49T:A182S,207.96,1,4543.430275,0,FALSE,3,0
R234L,1594.95,2,4214.520705,37.2,FALSE,1,0.008826626
E21D:I97V:T205S:G208D,119.42,1,4182.264121,0,FALSE,4,0
K111E:A182V:D214E,391.21,1,4196.941659,0,FALSE,3,0
N133S,384.63,2,4424.300989,408.31,FALSE,1,0.092288025
Y16H:A81V:D107V,35.99,1,3809.451708,0,FALSE,3,0
Y16H:I30T:R156L,88.62,1,3879.111721,0,FALSE,3,0
V112A,255.5,2,3830.447654,177.05,FALSE,1,0.046221752
G175C:Y198F,72.72,1,3630.37244,0,FALSE,2,0
R180H,55.56,1,3834.670562,0,FALSE,1,0
T36A:W204R,87.68,1,3584.958076,0,FALSE,2,0
T61S:S99T,186.09,1,4280.624673,0,FALSE,2,0
T51S:Q105H,262.62,1,4314.14066,0,FALSE,2,0
L9R:A149S,139.9,1,4007.696819,0,FALSE,2,0
R78H:K126R:D229E,65.03,1,4211.560766,0,FALSE,3,0
D23N:N133I,399.2,1,4301.040736,0,FALSE,2,0
N158D:H200N,56.23,1,3809.071861,0,FALSE,2,0
F83Y:K186M,75.07,1,3723.600636,0,FALSE,2,0
D23E:A46R:K47S:Y48T:I49S:C50A:T51P:T52P:G53A:D54T:L55C:V57C:W59G:A60L:T61P:I62S:L63C:S64H:S65P:L66C:S67R:Y68T:G69A:V70C:C72A:F73S:A74*:K75I:Y76P:R78P:I80C:A81G:D82L:F83L:F84Q:K85V:S86H:T87L:Q88T:P89R:D90W:G91L:Y92Q:Q94G:D95P:R96H:I97H:I98L:S99V:F100R:D101Q:N102*:D103R:G104P:Q105V:Y106R:D107R:V108E:K109S:A110Q:K111S:V112D:T113V:Y114*:N116R:G117Y:L119I:Y120Q:N121P:V123Y:T124R:V125E:K126G:G127H:T128W:G129F:F130Q:K131V:S132K:N133R:G134Q:N135H:I136P:L137G:G138D:M139A:V141I:L142V:Y143P:H144L:S145A:P146T:H148R:A149S:V150L:I152L:L153A:P154*:D155P:R156Q:K157E:N158W:G159W:G160L:L161K:K162D:I163*:E164V:Y165*:N166Q:K167G:A168L:F169*:D170R:V171T:L172G:G173R:G174R:G175S:H176P:Q177D:M178G:A179P:R180S:H181R:A182P:Q183V:F184Q:N185Q:K186A:L188W:G189R:A190M:W191G:E192G:E193R:D194L:Y195P:P197L:Y198P:H199P:H200P:L201D:T202S:W204D:T205*:S206L:F207R:G208Q:K209R:D210P:P211R:D212*:D213R:D214R:E215D:T216R:D217S:H218P:L219Y:T220D:I221R:V222R:E223G:V224H:I225*:K226G:A227R:V228R:D229L:L230G:E231N:T232V:Y233P:R234L,26.37,1,4424.696065,0,TRUE,175,0
L9R,220.93,1,4323.943902,0,FALSE,1,0
L3F:V125A,242.07,1,4126.816969,0,FALSE,2,0
L9P:K109T,755.86,1,4332.166807,0,FALSE,2,0
K75I:K126M,111.55,1,4298.473614,0,FALSE,2,0
V34D:I49T:K126E,260.52,1,4214.471234,0,FALSE,3,0
N102Y:H176R,98.15,1,4173.192944,0,FALSE,2,0
E5G:N135I:R156G,64.7,1,3767.049518,0,FALSE,3,0
G53S:L55M,55.14,1,3580.438312,0,FALSE,2,0
G174V:D194E,253.06,1,4006.107979,0,FALSE,2,0
I14V:T36S:H79L:F184I,97.26,1,4369.744727,0,FALSE,4,0
N135D:D212Y,849.26,1,4244.549655,0,FALSE,2,0
E25G:G117S:N166T:F184I,276.65,1,4041.813242,0,FALSE,4,0
T40S:C50R:T52A:T128I:K167M:G208D,27.64,1,3730.87537,0,FALSE,6,0
F10Y,25.51,1,3892.455435,0,FALSE,1,0
P56A:H144L,27.22,1,3188.74006,0,FALSE,2,0
T18A:V125A,168.69,1,4383.548641,0,FALSE,2,0
Y114H,1455.89,2,4422.658957,16.18,FALSE,1,0.003658433
I98T:G173D,199.16,1,3631.75013,0,FALSE,2,0
D82N:N158Y,66.93,1,4205.687309,0,FALSE,2,0
K12E:I49F:N133Y,193.43,1,4181.946892,0,FALSE,3,0
E21V:K126E:I136V:P197H,197.44,1,4133.39413,0,FALSE,4,0
I62T:P146S,126.2,1,3721.665751,0,FALSE,2,0
A46T:T87S,101.31,1,3752.879041,0,FALSE,2,0
T41S:D101H,770.45,1,4115.284729,0,FALSE,2,0
A168G:P211S,421.72,1,3837.027024,0,FALSE,2,0
K111I:N116D:R140C,335.75,1,3700.649901,0,FALSE,3,0
K131M:L137M:V171L:L201M,163.92,1,4011.365357,0,FALSE,4,0
F71L:L119Q,37.21,1,3625.808395,0,FALSE,2,0
I30N:A60V,77.55,1,3768.584509,0,FALSE,2,0
Y92N,212.74,1,4464.122309,0,FALSE,1,0
K131M:P147S,281.86,1,4002.821375,0,FALSE,2,0
T40N:T128S:K162R:P197S,2049.46,1,4440.579746,0,FALSE,4,0
T113A:L230M,208.94,1,3744.078708,0,FALSE,2,0
T113A:A182T:T220M,743.59,1,4281.556376,0,FALSE,3,0
K75E:I80V,168.49,1,3857.789653,0,FALSE,2,0
F184Y:A227V,100.01,1,3863.741988,0,FALSE,2,0
P4T:D38G:K157R,40.13,1,3939.244204,0,FALSE,3,0
Y114S:H176R,40.45,1,3916.371684,0,FALSE,2,0
N116S:K126M:R156C,685.55,1,4353.86528,0,FALSE,3,0
I30V:T128N,159.67,1,4257.165537,0,FALSE,2,0
D170Y:W204L,70.69,1,3543.484336,0,FALSE,2,0
M27V:G159D,166.36,1,4147.789001,0,FALSE,2,0
R122S:N133Y,38.02,1,3542.376901,0,FALSE,2,0
G26D:N135K,28.04,1,3996.72167,0,FALSE,2,0
A60T:S99L,325.27,1,3825.189784,0,FALSE,2,0
L137M:D210G,214.53,1,3840.439576,0,FALSE,2,0
P4S:H79L:N102Y,38.28,1,3792.325502,0,FALSE,3,0
T43A:V222A,370.38,1,4233.326324,0,FALSE,2,0
E25G:E115G,74.45,1,3875.996125,0,FALSE,2,0
K28R:M139V:H176L,39.79,1,5097.112107,0,FALSE,3,0
N158D:G175D,368.06,1,4277.704377,0,FALSE,2,0
T51S:R156C,214.24,1,4129.388882,0,FALSE,2,0
M27V:Y143H:W204R,85.86,1,3356.463631,0,FALSE,3,0
S93R:E115G,164.25,1,4034.439484,0,FALSE,2,0
I31V:Q105H:V112L,90.55,1,3885.435214,0,FALSE,3,0
K32N:K157M:G159D,138.84,1,4036.156354,0,FALSE,3,0
Y68*:Y76T:R78A:H79T:I80L:A81R:D82T:F83S:F84S:K85S:S86P:T87P:Q88N:D90M:G91A:Y92T:S93V:Q94R:D95T:R96A:I97S:I98S:S99R:F100S:D101T:N102M:D103T:G104A:Q105S:Y106T:D107T:V108*:A110P:V112*:T113R:Y114M:E115R:N116T:G117V:T118H:L119Y:Y120T:N121T:R122A:V123L:T124P:V125*:K126R:G127A:T128L:G129V:F130S:K131S:S132Q:N133T:G134A:N135T:I136S:L137W:M139C:R140A:V141F:L142C:Y143T:H144T:S145R:P146H:H148T:A149Q:V150S:Y151I:I152S:L153C:P154L:D155T:R156A:K157R:N158M:G159V:G160A:L161*:K162R:I163L:E164S:Y165I:N166T:K167R:A168P:F169L:D170T:V171Y:L172W:G173A:G174A:G175V:H176T:Q177R:M178W:A179P:R180V:H181T:A182P:Q183S:F184S:N185T:K186S:G189A:A190H:W191G:E192R:E193K:D194I:Y195T:P197L:Y198T:H199T:H200T:L201*:T202Q:V203C:W204G:T205L:S206A:F207S:G208A:D210T:D212M:D213T:D214T:E215R:T216Q:D217I:H218T:T220R:I221S:V222S:E223R:V224S:I225*:K226R:A227P:V228*:D229T:L230W:E231K:T232R:Y233T:R234A,29.96,1,3954.991442,0,TRUE,148,0
P154S:W204R,35,1,3363.41271,0,FALSE,2,0
N121S:K186M,30.57,1,3182.173285,0,FALSE,2,0
D95V:F100Y,59.98,1,3849.683335,0,FALSE,2,0
I44V:G173D:D217G,27.86,1,2666.397589,0,FALSE,3,0
L9P:E115V,371.42,1,4111.41122,0,FALSE,2,0
L9P:D23E:S99T:N133S:R156S,606.42,1,4277.649916,0,FALSE,5,0
K8M:N121H,122.94,1,3059.698142,0,FALSE,2,0
E5V:A7V:E21G:K45N,25.36,1,3788.708684,0,FALSE,4,0
G33S,126.19,2,3592.707296,205.91,FALSE,1,0.057313325
G160S,969.76,2,4066.113319,106.57,FALSE,1,0.026209304
G6D:K8M:P58S,27.51,1,3659.856922,0,FALSE,3,0
T128S:D210V:K226R,60.27,1,4117.045705,0,FALSE,3,0
G117D:K157N:Q177L:E215G,242.64,1,3949.051781,0,FALSE,4,0
T51I:P89A:F207I,25.55,1,3827.318945,0,FALSE,3,0
M27V:V123A,536.42,1,4158.428166,0,FALSE,2,0
V125A:G208C,44.14,1,4024.470444,0,FALSE,2,0
K75I:E164D,253.42,1,4050.354542,0,FALSE,2,0
K28R:N185S,289.71,1,3836.576924,0,FALSE,2,0
L188H:F207L,157.65,1,3979.613106,0,FALSE,2,0
A39T:I49T,397.83,1,4047.142108,0,FALSE,2,0
P77A,68.54,1,3988.028954,0,FALSE,1,0
K12N:D54G:H79R,158.26,1,4130.224691,0,FALSE,3,0
T205N:R234S,53.06,1,2905.328409,0,FALSE,2,0
A7T:V57A,26.93,1,3263.257238,0,FALSE,2,0
G117D:D213G:R234S,110.86,1,3661.778698,0,FALSE,3,0
M27V:Y151F:K157E,25.32,1,2596.655207,0,FALSE,3,0
T51I:K131E:F207S:V228I,191.41,1,3731.651506,0,FALSE,4,0
L188H:D194N,168.24,1,4112.697071,0,FALSE,2,0
K12I:T41S,342.85,1,4235.157829,0,FALSE,2,0
Y76H:K167M,382.35,1,4306.06853,0,FALSE,2,0
E13V:L230F,128.77,1,3445.028965,0,FALSE,2,0
Y48C:A149V,171.96,1,3677.930766,0,FALSE,2,0
I14V:L20M:V24I:M139I,106.26,1,3481.450151,0,FALSE,4,0
P56H:I97T,139.16,1,3946.577237,0,FALSE,2,0
F10V,47.79,1,3545.505152,0,FALSE,1,0
S86F:V108A,226.76,1,4122.272225,0,FALSE,2,0
K126R:K162E,637.71,1,4137.258543,0,FALSE,2,0
K28E:T36N,157.08,1,4168.144754,0,FALSE,2,0
P56T:R140H,182.37,1,3745.644665,0,FALSE,2,0
Y120C:N135Y:F169L:V171I,96.73,1,3462.583957,0,FALSE,4,0
S93I:G174S,344.34,1,4120.548747,0,FALSE,2,0
N116D:G129D:G189D,59.28,1,3867.470753,0,FALSE,3,0
E19D:P77H,30.25,1,2938.279993,0,FALSE,2,0
G26D:V141A:A182T,104.39,1,3019.282246,0,FALSE,3,0
I49S:V171A,252.66,1,3773.608128,0,FALSE,2,0
S93G:E115G,57.58,1,3690.142234,0,FALSE,2,0
F169L:A179T,550.82,1,3920.627939,0,FALSE,2,0
I80F:E115G,46.08,1,4051.673519,0,FALSE,2,0
K47Q:N102D,149.74,1,4240.650222,0,FALSE,2,0
D107Y:G129A,35.6,1,4536.458691,0,FALSE,2,0
V150A:L172P,51.8,1,3800.225128,0,FALSE,2,0
A46G:F73Y,29.64,1,3198.107552,0,FALSE,2,0
V108A:W204C,304.6,1,3678.277125,0,FALSE,2,0
R78H:I80T:T124I:N133D,387.29,1,3896.51223,0,FALSE,4,0
L3P:F29I:K157E,27.12,1,4030.35038,0,FALSE,3,0
V34D:C50S,134.32,1,3603.087581,0,FALSE,2,0
D54G:V150A:R156H,410.61,1,3981.901157,0,FALSE,3,0
C50S:S145A:A182T,472.36,1,3820.798932,0,FALSE,3,0
D155A:K186M,87.01,1,4150.610695,0,FALSE,2,0
V108A:T128S:V224A,30.78,1,4074.988584,0,FALSE,3,0
Y114N:N135H:N166S,137.22,1,4216.746166,0,FALSE,3,0
K28E:K186M:S206G,942.48,1,4040.474668,0,FALSE,3,0
Y16H:K186N,28.43,1,3695.259114,0,FALSE,2,0
L3H:K12E:D101V,294.93,1,4037.977227,0,FALSE,3,0
P77T:H144Q,52.57,1,3218.417877,0,FALSE,2,0
F73N,117.46,1,3763.337519,0,FALSE,1,0
I152T,426.98,2,4020.604032,55.49,FALSE,1,0.013801409
F29Y:N135S,40.7,1,3141.669701,0,FALSE,2,0
R156L:K186T:T216A,32.84,1,3551.332,0,FALSE,3,0
E5G:D23Y:A81T:Y143N:P154S,69.78,1,3671.940985,0,FALSE,5,0
K28R:D90V:V108A:M139L,136.58,1,4021.55176,0,FALSE,4,0
R78S:V125A:K209N,276.89,1,3910.177661,0,FALSE,3,0
I136V:I152V:G174D,694.17,1,4294.452243,0,FALSE,3,0
Y120C:T124A:G129C,179.12,1,3918.439201,0,FALSE,3,0
T18N,63.88,1,3408.993453,0,FALSE,1,0
E11K:K45M:V150A,93.2,1,3550.62484,0,FALSE,3,0
I30T:K75I:T128S:G208C,95.82,1,3744.350572,0,FALSE,4,0
E11G:H218Q,223.97,1,3911.035894,0,FALSE,2,0
T52I:T118I,432.16,1,4127.231223,0,FALSE,2,0
P56S:F207L,179.04,1,3947.293075,0,FALSE,2,0
I44V:L55M:H218R,32.72,1,2420.666482,0,FALSE,3,0
I62F:L142M,159.6,1,3175.654113,0,FALSE,2,0
L3P:V70M:K109R,85.06,1,3072.820404,0,FALSE,3,0
P15L:A60V,97.07,1,3616.292533,0,FALSE,2,0
P77S:V171I,111.81,1,3706.044333,0,FALSE,2,0
E13K:T41M:K126E,120.34,1,3744.581444,0,FALSE,3,0
T2I:G160S:D212E,111.02,1,3871.496351,0,FALSE,3,0
V125A:K157N,247.82,1,4010.564898,0,FALSE,2,0
G159D:D217E,267.66,1,3933.673634,0,FALSE,2,0
L142S:Y233C,30.24,1,2412.885677,0,FALSE,2,0
Q105R:T128I:L137R:S206N,98.57,1,4095.477117,0,FALSE,4,0
K8R:K28M:G175C:E192G,307.83,1,4017.606997,0,FALSE,4,0
S99T:S145L,93.01,1,2988.825363,0,FALSE,2,0
T41A:S93N:H144Y,141.02,1,3827.73239,0,FALSE,3,0
K8R:R78H:P187H,159.05,1,4058.661021,0,FALSE,3,0
I31V:L188V:G208V,29.03,1,2668.471394,0,FALSE,3,0
G127S,143.6,1,3574.835509,0,FALSE,1,0
A39T:Y114H,58.29,1,3554.687334,0,FALSE,2,0
G173C:D229V,40.96,1,3321.116247,0,FALSE,2,0
T40I:S99L:G138R,54.15,1,3505.700661,0,FALSE,3,0
G173C,1610.96,2,4264.774773,64.16,FALSE,1,0.015044171
A7T:F84Y:S93I,399.51,1,3961.292534,0,FALSE,3,0
R122C:Y143H:P146Q:K162M:D214V,30.36,1,2318.578855,0,FALSE,5,0
S86F:D229G,282.79,1,3634.898872,0,FALSE,2,0
N116Y:P154S:T202S,407.91,1,3766.176083,0,FALSE,3,0
K12I:T51S,73.49,1,4029.650831,0,FALSE,2,0
I98V:D101Y,164.18,1,3679.357631,0,FALSE,2,0
K45T:I62T,62.19,1,3813.251269,0,FALSE,2,0
G26C:K32N:I97V,32.96,1,3742.170798,0,FALSE,3,0
L66M:F207L:V228A,37.47,1,2332.524949,0,FALSE,3,0
L3R:Y16N:K109R,70.05,1,3567.672198,0,FALSE,3,0
K111R:D217G,516.76,1,3841.30738,0,FALSE,2,0
G53C:N102S,36.28,1,3448.053868,0,FALSE,2,0
Y114N:T118R:E192V,37.09,1,3185.731612,0,FALSE,3,0
K162M:D217V,141.01,1,3712.493284,0,FALSE,2,0
A46V,1811.8,4,2480.107745,66.43,FALSE,1,0.026785127
L119Q:N158K,130.02,1,3853.148099,0,FALSE,2,0
I30F:F100L,300.09,1,3146.48529,0,FALSE,2,0
V34I:F100L,34.13,1,2937.777698,0,FALSE,2,0
K109E:W204R,131.06,1,3453.107851,0,FALSE,2,0
R78S:S99L:V125A,482.75,1,4006.584166,0,FALSE,3,0
V24A:M27L:I30N:D54Y:F207I,74.93,1,3361.689492,0,FALSE,5,0
G129V,209.19,1,3744.084673,0,FALSE,1,0
H176R:N185S:G208C,41.2,1,2297.676758,0,FALSE,3,0
P15S:L142S:I152V:H200N:D212V,34.08,1,2201.921481,0,FALSE,5,0
I49V:F130Y,75.1,1,3132.386944,0,FALSE,2,0
I80V:S93C:N158I:A190V,35.56,1,2817.986074,0,FALSE,4,0
G134D:D214Y,35.2,1,2783.530429,0,FALSE,2,0
M27V:Y120C:K126E:T220A,80.66,1,3339.179331,0,FALSE,4,0
S65T:P187H,69.61,1,2519.782057,0,FALSE,2,0
H200L:D212G,471.16,1,3367.487306,0,FALSE,2,0
Y16H:A39S:T232A,143.36,1,3023.590995,0,FALSE,3,0
G174S:A182G,114.77,1,3660.640338,0,FALSE,2,0
M27V:K131E:N158Y:A190V:S206N,67.39,1,3356.494717,0,FALSE,5,0
W204R:I225V,80.06,1,2426.526687,0,FALSE,2,0
T40P:K75N:T113M,113.71,1,3138.383706,0,FALSE,3,0
A74T:N102Y:N185S,38.68,1,2372.846034,0,FALSE,3,0
Y16N:N166I,106.83,1,3297.398425,0,FALSE,2,0
K28R:F100L,41.39,1,2285.050985,0,FALSE,2,0
Y16H:N135Y,69.46,1,3643.502234,0,FALSE,2,0
F73I:I97V:L142S,141.33,1,3643.931893,0,FALSE,3,0
E5G:A39V,43.9,1,2859.82064,0,FALSE,2,0
T18I:G208D,74.53,1,3502.445162,0,FALSE,2,0
A7V:T61A:H176Y:E215K,83.06,1,2397.164396,0,FALSE,4,0
G129R:G174C,208.37,1,3326.042553,0,FALSE,2,0
V112L:K157R:M178I,368.46,1,3711.753221,0,FALSE,3,0
Y48C:M139R,197.48,1,2898.870435,0,FALSE,2,0
K12E:T51I:T52A:T216I,25.16,1,2744.269809,0,FALSE,4,0
C72G,71.61,1,3202.182737,0,FALSE,1,0
V150A:T205N,64.76,1,2287.318764,0,FALSE,2,0
E19G,90.94,1,3290.863129,0,FALSE,1,0
E13G:Q88H,31.92,1,2332.349411,0,FALSE,2,0
T128S:D170N:Y195H,79.03,1,3285.792441,0,FALSE,3,0
Y92C:D170E,115.41,1,2436.064472,0,FALSE,2,0
E11G:A182V:Y195H,198.44,1,3325.442496,0,FALSE,3,0
I49S:G53C:T87S,39.93,1,1839.328161,0,FALSE,3,0
C50S:T52P:T124I,158.03,1,3430.264569,0,FALSE,3,0
T40A:K109R:K167T,39.82,1,1580,0,FALSE,3,0
T41S:C50S:R156C:F184S,661.42,1,3840.592349,0,FALSE,4,0
M178T:S206G,59.68,1,2144.780626,0,FALSE,2,0
S65T:Y233F,134.52,1,2396.652328,0,FALSE,2,0
W204R:V224A,33.11,1,2411.955381,0,FALSE,2,0
I62V:V150I:H218R,102.22,1,2340.715524,0,FALSE,3,0
K45M:F71L,26.44,1,2844.576683,0,FALSE,2,0
I14V:V70M:V123I,95.97,1,2145.955771,0,FALSE,3,0
V24I:T87S:Q183L,65.57,1,1712.551911,0,FALSE,3,0
V125A:A227V,129.9,1,2263.403226,0,FALSE,2,0
T41M:N185D:D194E,75.69,1,1685.009951,0,FALSE,3,0
V34A:V108L,128.47,1,2184.816876,0,FALSE,2,0
Y16H:W204R,125.73,1,2170.787262,0,FALSE,2,0
I44T:G138R,204.43,1,2477.942459,0,FALSE,2,0
K109N:D170V:R180H,90.07,1,1933.991897,0,FALSE,3,0
Y48H:L153M:M178I,136.45,1,2098.735738,0,FALSE,3,0
K12E:D23G:D54V:T118I,353.01,1,3556.926784,0,FALSE,4,0
K162E:H181N,100.97,1,1731.708747,0,FALSE,2,0
A7T:E25G:D90E:D214V:I221T,152.89,1,2214.594415,0,FALSE,5,0
D90V:R140C:P146Q,319.17,1,2599.229517,0,FALSE,3,0
N116S:A149V:V203M,303.49,1,2367.918984,0,FALSE,3,0
A110T:K162R:A168T,136.59,1,2061.497585,0,FALSE,3,0
R78C:A179T,174.44,1,2060.106475,0,FALSE,2,0
I17N:Y151C,162.59,1,1937.134695,0,FALSE,2,0
F71L:D213G,284.28,1,2198.576208,0,FALSE,2,0
A46V:K157R,409.03,1,2360.453629,0,FALSE,2,0
H144Y:D229V,315.64,1,2216.26045,0,FALSE,2,0
K162R:K226E,247.08,1,2073.474354,0,FALSE,2,0
Q183L,487.23,2,2049.953291,2.59,FALSE,1,0.001263443
K75Q:Y151C,205.13,1,1833.075943,0,FALSE,2,0
D90N:T202A,492.32,1,2263.674631,0,FALSE,2,0
Q105L:T202A,535.43,1,2320.63437,0,FALSE,2,0
H79N:R180C,276.9,1,1896.16281,0,FALSE,2,0
G22C,320.7,1,1942.199792,0,FALSE,1,0
V57M:Y143F:P146Q,348.92,1,1902.769619,0,FALSE,3,0
R78S:Q183L,553.61,1,2022.828698,0,FALSE,2,0
D38N:D82N:P146L:I225V,702.97,1,2085.226322,0,FALSE,4,0
I14T:Q183H,566.18,1,1803.623827,0,FALSE,2,0
T36A:T40A:G208S,1038.71,1,4275.397001,0,FALSE,3,0
T41K:I136V:A149P,529.61,1,4153.055909,0,FALSE,3,0
E21V:T61S:K111I:G117A,522.06,1,4070.92111,0,FALSE,4,0
K131T:D155E:I225V,722.11,1,3371.801741,0,FALSE,3,0
F71L:G159D,1148.54,1,3705.884547,0,FALSE,2,0
A149T,1262.64,1,4587.853356,0,FALSE,1,0
Y16C:T216A,1000.71,1,4139.815952,0,FALSE,2,0
I44T:N116K,323.33,1,2892.469055,0,FALSE,2,0
I49M,946.48,1,4370.679575,0,FALSE,1,0
F84L,46.24,1,1276.400503,0,FALSE,1,0
I44V:V228A,1496.37,1,1057.92016,0,FALSE,2,0
Y151C:G174D,324.38,1,1737.731921,0,FALSE,2,0
K28M:L219F,166,1,3239.600906,0,FALSE,2,0
T40N,1278.24,1,4525.410693,0,FALSE,1,0
E11D:L219I,1575.37,1,3980.559037,0,FALSE,2,0
E21G:I221V,558.56,1,4372.128017,0,FALSE,2,0
T128D,1056.88,1,4411.622348,0,FALSE,1,0
D23N:H144Q:I221T,1824,1,2230.573562,0,FALSE,3,0
D95E,1795.35,1,4596.751428,0,FALSE,1,0
E21V:N133H,2969.72,1,4440.201814,0,FALSE,2,0
G6D:E215D:L219V,1013.21,1,3978.140488,0,FALSE,3,0
T220M,1267.36,1,4511.068621,0,FALSE,1,0
K28R:A81V:K126R,820.5,1,4394.03529,0,FALSE,3,0
E11G:E21K,2498.77,1,4503.054697,0,FALSE,2,0
V125M:G138V:F207V,404.49,1,2309.607838,0,FALSE,3,0
S86A:V123A:Y151N,1978.73,1,1748.557632,0,FALSE,3,0
T36N:V70A:G160C,1251.34,1,1102.339038,0,FALSE,3,0
G26D:S86F,1217.26,1,4243.387664,0,FALSE,2,0
E215D,3036.09,2,4514.615404,50.49,FALSE,1,0.011183677
D194N:T202I,1030.03,1,2395.871168,0,FALSE,2,0
D212E,890.52,1,4608.99329,0,FALSE,1,0
Y114C,1884.31,2,4451.916817,97.74,FALSE,1,0.021954588
D95A:K131M:G208D,169.58,1,3561.303312,0,FALSE,3,0
H79R:V123I,626.76,1,3708.677509,0,FALSE,2,0
K12R:M27L,1316.4,1,4418.532055,0,FALSE,2,0
A179T:D214G,818.63,1,1939.575899,0,FALSE,2,0
F29Y:K131R,1133.43,1,4420.868736,0,FALSE,2,0
P197L,952.8,1,4414.094249,0,FALSE,1,0
F71L:N116K,847.29,1,3937.424171,0,FALSE,2,0
N158H:Q183L,754.48,1,1918.661714,0,FALSE,2,0
K8R:I44T:I49V:N116S,203.56,1,2388.552442,0,FALSE,4,0
P146S:D229V,1188.96,1,1251.099903,0,FALSE,2,0
H144R:S145A,1699.6,1,4110.712524,0,FALSE,2,0
T2I:V70M,504.79,1,3312.520107,0,FALSE,2,0
T36S:V150A,533.09,1,4229.657566,0,FALSE,2,0
K131E:K226E,949.96,1,2199.347911,0,FALSE,2,0
Y143F:F184L:T205S,2095.29,1,4357.875108,0,FALSE,3,0
A7E,914.4,1,4438.892029,0,FALSE,1,0
I44V:D107V,1482.56,1,3979.434554,0,FALSE,2,0
D210N,1051.23,1,4266.786533,0,FALSE,1,0
M27K:H200Q,1014.83,1,1732.467576,0,FALSE,2,0
E13V:L153M:I225T,858.78,1,648.9730415,0,FALSE,3,0
A149S:I152L,2509.95,1,4370.631766,0,FALSE,2,0
F71L:E193D,2587.99,1,3613.473082,0,FALSE,2,0
C72S:D170V,1277.71,1,3881.347915,0,FALSE,2,0
Q105H:S132L:E231A,2148.53,1,4472.626945,0,FALSE,3,0
M139K,946.47,1,4624.973342,0,FALSE,1,0
K131N:L137R,1735.42,1,4190.666714,0,FALSE,2,0
T61S:N166S,1258.72,1,3995.507042,0,FALSE,2,0
T113A:T220K,1963.29,1,4309.295492,0,FALSE,2,0
M27L:E115D:V228A,454.35,1,2216.432281,0,FALSE,3,0
E25G:L119V:T205S,3146.5,1,4058.711032,0,FALSE,3,0
H144N:T232M,514.07,1,4350.642826,0,FALSE,2,0
T118A:M178L,2504.57,1,4378.948657,0,FALSE,2,0
E21V:I225T,672.17,1,630.5225827,0,FALSE,2,0
K131E:H144N,1699.01,1,4581.807971,0,FALSE,2,0
D54Y,951.65,1,4552.747301,0,FALSE,1,0
K111R:Y143C:D210Y,601.57,1,3818.030114,0,FALSE,3,0
G173D:P197A:D217N,1077.97,1,4209.895239,0,FALSE,3,0
M27T:Q105R:L172Q:A182T:E215V,312.13,1,4380.94826,0,FALSE,5,0
Y120C:K131R,971.75,1,4278.964197,0,FALSE,2,0
R140H:P147A,2417.59,1,4220.511988,0,FALSE,2,0
T43A:S206R,684.02,1,4104.59574,0,FALSE,2,0
L142S:V203A,1939.19,1,774.8823814,0,FALSE,2,0
I98V:A149T,1187.63,1,4457.568317,0,FALSE,2,0
K109R:A179V,383.61,1,3053.873609,0,FALSE,2,0
P77L:A227D,63.21,1,1690.62467,0,FALSE,2,0
N158S:A190S,1481.94,1,4507.679143,0,FALSE,2,0
S86T:K126T:L137M,626.87,1,4375.195376,0,FALSE,3,0
R78H:I98V:T216S,1364.22,1,4205.093683,0,FALSE,3,0
V70A:L119Q,564.32,1,3384.366143,0,FALSE,2,0
V125M:P197H,1018.15,1,4338.433121,0,FALSE,2,0
T61S:T124I:T216A,917.29,1,4164.343428,0,FALSE,3,0
E5D:I14F,538.75,1,4085.059149,0,FALSE,2,0
T216R:A227V,609.96,1,3832.833374,0,FALSE,2,0
T43I:I136V:M178V,2279.68,1,2265.368163,0,FALSE,3,0
T205S:F207I,2250.57,1,4162.233368,0,FALSE,2,0
T87A:L161I:M178L,2076.63,1,4475.239756,0,FALSE,3,0
K45R:E231V,509.8,1,4324.324622,0,FALSE,2,0
T18S:D90E:K167Q,1326.32,1,1637.621919,0,FALSE,3,0
T41S:S206G,2257.04,1,4352.893025,0,FALSE,2,0
L3I:L230M,1092.09,1,3986.227414,0,FALSE,2,0
A7V:W204R,1793.62,1,3820.600847,0,FALSE,2,0
E11V:K75E:K109N:H144R:E215K,538.22,1,3230.761054,0,FALSE,5,0
P211S:D213Y,957.69,1,4178.578857,0,FALSE,2,0
E11D:M139V,393.54,1,3936.468564,0,FALSE,2,0
K12R:A149S:G159S,1761.73,1,4358.688667,0,FALSE,3,0
I44V:K109N,1208.99,1,3942.305285,0,FALSE,2,0
K45M:*235W,1900.94,1,4039.82691,0,FALSE,2,0
E11G:Y143H:E193D,1716.8,1,4447.006477,0,FALSE,3,0
D212H,985.77,1,4471.137272,0,FALSE,1,0
E11V:D170G,373.16,1,4489.755029,0,FALSE,2,0
T43S:Y106F,3107.13,1,4313.519176,0,FALSE,2,0
T51A:P147S,886.99,1,4018.917747,0,FALSE,2,0
T216S:L230S,330.45,1,2748.043402,0,FALSE,2,0
Y114F:Y151N,1217.78,1,1739.936921,0,FALSE,2,0
S93N:M178V,991.64,1,4074.741661,0,FALSE,2,0
N166S:T232A,1831.13,1,4080.759737,0,FALSE,2,0
D23V:V222A,1010.38,1,4245.091989,0,FALSE,2,0
T118A:F184L,1911.09,1,4498.252763,0,FALSE,2,0
R122C:D170N:W204L,35,1,2025.554905,0,FALSE,3,0
A7P:N102D,2233.57,1,4516.460823,0,FALSE,2,0
E13A:T124I:G208D,1018.1,1,4437.696028,0,FALSE,3,0
K45E:A81G:K157R,888.31,1,4049.182784,0,FALSE,3,0
D23N:P147S:Y151F,30.2,1,273.8380908,0,FALSE,3,0
K47N:S132L:N166I:I221V,637,1,2194.996245,0,FALSE,4,0
R140H:V228A,126.75,1,380.1265608,0,FALSE,2,0
E21G:K109T:V125A:K126E:Y143H:K226R,42.64,1,1989.127489,0,FALSE,6,0
K45E:K131Q:R140H,303.36,1,3257.589461,0,FALSE,3,0
I49S:T128S,467.71,1,4336.660559,0,FALSE,2,0
Y120H:Y195H,33.24,1,4302.432721,0,FALSE,2,0
F83L:A227T:T232A,50.03,1,2586.396897,0,FALSE,3,0
A60G:L63M:D194V,1354.34,1,1428.685618,0,FALSE,3,0
S65T:A182S:G208S,683.09,1,3771.251516,0,FALSE,3,0
A81T:D170V:T202S:W204*,38.88,1,3950.983501,0,FALSE,4,0
E5G:A81T,2531.57,1,4473.786832,0,FALSE,2,0
K12N:D95G:E231V,397.12,1,3154.12155,0,FALSE,3,0
K75E:N102I:A182T,138.2,1,2305.499913,0,FALSE,3,0
F169Y:W204R,1619.17,1,467.8802676,0,FALSE,2,0
I31S,26.54,1,1809.88436,0,FALSE,1,0
S65P:H144Y,301.17,1,297.9124222,0,FALSE,2,0
F10I:F29S:P58S:Q88R:K126R,107.82,1,4543.732929,0,FALSE,5,0
P89L:R156H,111.36,1,1518.484911,0,FALSE,2,0
I30L:K45E:K186Q,2623.53,1,4120.302757,0,FALSE,3,0
E11*:D38N:F84Y:Q88R:V108A,66.02,1,4222.403483,0,FALSE,5,0
T18A:V34D:G53S:V141I:L142C:Y143T:H144T:S145R:P146H:H148T:A149Q:V150S:Y151I:I152S:L153C:P154L:D155T:R156A:K157R:N158M:G159V:G160A:L161*:K162G:I163L:E164S:Y165I:N166T:K167R:A168P:F169L:D170T:V171Y:L172W:G173A:G174A:G175V:H176T:Q177R:M178W:A179P:R180V:H181T:A182P:Q183S:F184S:N185T:K186S:G189A:A190H:W191G:E192R:E193K:D194I:Y195T:P197L:Y198T:H199T:H200T:L201C:T202Q:V203C:W204G:T205L:S206A:F207S:G208A:D210T:D212M:D213T:D214T:E215R:T216Q:D217I:H218T:T220R:I221S:V222S:E223R:V224S:I225L:K226R:A227P:V228*:D229T:L230W:E231K:T232R:Y233T:R234A,36.03,1,4480.086641,0,TRUE,90,0
T52S:I62T:V70A,324.22,1,327.4466731,0,FALSE,3,0
E19G:C50*,38.11,1,4531.160379,0,FALSE,2,0
K32R:G33A:V34L:G35A:T36L:G37A:D38M:A39P:T40P:T41R:G42A:T43P:I44S:K45R:A46R:K47S:Y48T:I49S:C50A:T51P:T52P:G53A:D54T:L55C:V57C:W59G:A60L:T61P:I62S:L63C:S64H:S65P:L66C:S67R:Y68T:G69A:V70C:C72A:F73S:A74L:K75N:Y76T:R78A:H79T:I80L:A81R:D82T:F83S:F84S:K85S:S86P:T87P:Q88T:P89R:D90W:G91L:Y92Q:Q94G:D95P:R96H:I97H:I98L:S99V:F100R:D101Q:N102*:D103R:G104P:Q105V:Y106R:D107R:V108E:K109S:A110Q:K111S:V112D:T113V:Y114*:N116R:G117Y:L119I:Y120Q:N121P:V123Y:T124R:V125E:K126G:G127H:T128W:G129F:F130Q:K131V:S132K:N133R:G134Q:N135H:I136P:L137G:G138D:M139A:V141F:L142V:Y143P:H144L:S145A:P146T:H148R:A149S:V150L:I152L:L153A:P154*:D155P:R156Q:K157E:N158W:G159W:G160L:L161K:K162D:I163*:E164V:Y165*:N166Q:K167G:A168L:F169*:D170R:V171T:L172G:G173R:G174R:G175S:H176P:Q177D:M178G:A179P:R180S:H181R:A182P:Q183V:F184Q:N185Q:K186A:L188W:G189R:A190M:W191G:E192G:E193R:D194L:Y195P:P197L:Y198P:H199P:H200P:L201D:T202S:W204D:T205*:S206L:F207R:G208Q:K209R:D210P:P211R:D212*:D213R:D214R:E215D:T216R:D217S:H218P:L219Y:T220D:I221R:V222R:E223G:V224H:I225*:K226G:A227R:V228R:D229L:L230G:E231N:T232V:Y233P:R234L,58.6,1,3690.829393,0,TRUE,189,0
E11V:V24I:V150G,28.26,1,4085.431779,0,FALSE,3,0
Y48S:D214V,26.25,1,3958.17556,0,FALSE,2,0
D90G:Y106*:S132T:S145L,36.12,1,4062.670631,0,FALSE,4,0
F84L:Y106N:Q177R:W191*,131.95,1,4325.884306,0,FALSE,4,0
M27T:A182S:H200L:T232A,924.29,1,550.3125986,0,FALSE,4,0
Y16*:K28N:P154S,64.71,1,3421.019424,0,FALSE,3,0
E13R:I14F:Y16I:I17S:T18P:E19S:L20W:E21R:G22A:D23T:V24*:E25R:G26A:M27*:K28S:F29S:I30S:I31L:K32R:G33A:V34L:G35A:T36L:G37A:D38M:A39P:T40P:T41R:G42A:T43P:I44S:K45R:A46R:K47S:Y48T:I49S:C50A:T51P:T52P:G53A:D54T:L55C:V57C:W59G:A60L:T61P:I62S:L63C:S64H:S65H:L66C:S67R:Y68T:G69A:V70C:C72A:F73S:A74L:K75N:Y76T:R78A:H79T:I80L:A81R:D82T:F83S:F84S:K85S:S86P:T87P:Q88N:D90M:G91A:Y92T:S93V:Q94R:D95T:R96A:I97S:I98S:S99R:F100S:D101T:N102M:D103T:G104A:Q105S:Y106T:D107T:V108*:A110P:V112*:T113R:Y114M:E115R:N116T:G117V:T118H:L119C:Y120T:N121T:R122A:V123L:T124P:V125*:K126R:G127A:T128L:G129V:F130S:K131S:S132Q:N133T:G134A:N135T:I136S:L137W:M139C:R140A:V141Y:L142C:Y143T:H144T:S145R:P146H:H148T:A149Q:V150S:Y151I:I152S:L153C:P154L:D155T:R156A:K157R:N158M:G159V:G160A:L161*:K162R:I163L:E164S:Y165I:N166T:K167R:A168P:F169L:D170T:V171Y:L172W:G173A:G174A:G175V:H176T:Q177R:M178W:A179P:R180V:H181T:A182P:Q183S:F184S:N185T:K186C:G189A:A190H:W191G:E192R:E193K:D194I:Y195T:P197L:Y198T:H199T:H200T:L201*:T202Q:V203C:W204G:T205L:S206A:F207S:G208A:D210T:D212M:D213T:D214T:E215R:T216Q:D217I:H218T:T220R:I221S:V222S:E223R:V224S:I225L:K226R:A227P:V228*:D229T:L230W:E231K:T232R:Y233T:R234A,30.53,1,3571.757729,0,TRUE,206,0
T36S:D38V:G208S,231.07,1,4151.723269,0,FALSE,3,0
W59*,253.78,2,3451.499157,632.11,FALSE,1,0.183140708
A7T:D23E:V24*:E25R:G26A:M27*:K28S:F29S:I30S:I31L:K32R:G33A:V34L:G35A:T36L:G37A:D38M:A39P:T40P:T41R:G42A:T43P:I44S:K45R:A46R:K47S:Y48T:I49S:C50A:T51P:T52P:G53A:D54T:L55C:V57C:W59G:A60L:T61P:I62S:L63C:S64H:S65P:L66C:S67R:Y68T:G69A:V70C:C72A:F73S:A74*:K75I:Y76P:R78P:I80C:A81G:D82L:F83L:F84Q:K85V:S86H:T87P:Q88T:P89R:D90W:G91L:Y92Q:Q94G:D95P:R96H:I97H:I98L:S99V:F100R:D101Q:N102*:D103R:G104P:Q105V:Y106R:D107R:V108E:K109S:A110Q:K111S:V112D:T113V:Y114*:N116R:G117Y:L119I:Y120Q:N121P:V123Y:T124R:V125E:K126G:G127H:T128W:G129F:F130H:K131V:S132K:N133R:G134Q:N135H:I136P:L137G:G138D:M139A:V141F:L142V:Y143P:H144L:S145A:P146T:H148R:A149S:V150L:I152L:L153A:P154*:D155P:R156Q:K157E:N158W:G159W:G160L:L161K:K162D:I163*:E164V:Y165*:N166Q:K167G:A168L:F169*:D170R:V171T:L172G:G173R:G174R:G175S:H176P:Q177D:M178G:A179P:R180S:H181R:A182P:Q183V:F184Q:N185Q:K186A:L188W:G189R:A190M:W191G:E192G:E193R:D194L:Y195P:P197L:Y198P:H199P:H200P:L201D:T202S:W204D:T205*:S206L:F207R:G208Q:K209R:D210P:P211R:D212*:D213R:D214R:E215D:T216R:D217S:H218P:L219Y:T220D:I221R:V222R:E223G:V224H:I225*:K226G:A227R:V228R:D229L:L230G:E231N:T232V:Y233P:R234L,34.08,1,3403.474648,0,TRUE,198,0
S67P:F130S:K131S:S132Q:N133T:G134A:N135T:I136S:L137W:M139C:R140A:V141F:L142C:Y143T:H144T:S145R:P146H:H148T:A149Q:V150S:Y151I:I152S:L153C:P154L:D155T:R156A:K157G:N158M:G159V:G160A:L161*:K162R:I163L:E164S:Y165I:N166T:K167R:A168P:F169L:D170T:V171Y:L172W:G173A:G174A:G175V:H176T:Q177I:M178W:A179P:R180V:H181T:A182P:Q183S:F184S:N185T:K186S:G189A:A190H:W191G:E192R:E193K:D194I:Y195T:P197L:Y198T:H199T:H200T:L201*:T202Q:V203C:W204G:T205L:S206A:F207S:G208A:D210T:D212M:D213T:D214T:E215R:T216Q:D217I:H218T:T220R:I221S:V222S:E223R:V224S:I225L:K226R:A227P:V228*:D229T:L230W:E231K:T232R:Y233T:R234A,36.54,1,4500.878943,0,TRUE,98,0
F73L:T113M:Y143H,89.8,1,1982.483599,0,FALSE,3,0
E25K:G37C:Y151*:Q183L:A227T,30.25,1,4250.684987,0,FALSE,5,0
K8T,1661.26,1,4555.095632,0,FALSE,1,0
P146S:E192R:E193K:D194I:Y195T:P197L:Y198T:H199T:H200T:L201*:T202Q:V203C:W204G:T205L:S206A:F207S:G208A:D210T:D212M:D213T:D214T:E215R:T216Q:D217I:H218T:T220R:I221S:V222S:E223R:V224S:I225L:K226R:A227P:V228*:D229T:L230W:E231K:T232R:Y233T:R234A,26.78,1,4078.770223,0,TRUE,40,0
T113A:Y151H:K162E:K167M,289.48,1,252.9373406,0,FALSE,4,0
H79N:K85*:G134S:P187S,36.22,1,4204.5475,0,FALSE,4,0
V228G,31.48,1,230.046777,0,FALSE,1,0
E5G:Y16N:K47*:P56H:K85*,36.3,1,4751.479829,0,FALSE,5,0
G53C:D54N,394.95,1,4269.724828,0,FALSE,2,0
I14T:G104D:E192D,29.55,1,4534.305011,0,FALSE,3,0
I14V:I30L:G174S:T220A,778.1,1,3969.262068,0,FALSE,4,0
V57M:V112*:T113R:Y114M:E115R:N116T:G117V:T118H:L119Y:Y120T:N121T:R122A:V123L:T124P:V125*:K126R:G127A:T128L:G129V:F130S:K131S:S132Q:N133T:G134A:N135T:I136S:L137W:M139C:R140A:V141F:L142C:Y143T:H144T:S145R:P146H:H148T:A149Q:V150S:Y151I:I152S:L153C:P154L:D155T:R156A:K157R:N158M:G159V:G160A:L161*:K162R:I163L:E164S:Y165I:N166T:K167R:A168P:F169L:D170T:V171Y:L172W:G173A:G174A:G175V:H176T:Q177R:M178W:A179P:R180V:H181T:A182P:Q183S:F184S:N185T:K186S:G189A:A190H:W191G:E192R:E193K:D194I:Y195T:P197L:Y198T:H199T:H200T:L201*:T202Q:V203C:W204G:T205L:S206A:F207S:G208P:D210T:D212M:D213T:D214T:E215R:T216Q:D217I:H218T:T220R:I221S:V222S:E223R:V224S:I225L:K226R:A227P:V228*:D229T:L230W:E231K:T232R:Y233T:R234A,37.8,1,3953.306237,0,TRUE,116,0
Y92F:L119Q,79.93,1,1894.247771,0,FALSE,2,0
N166K:L201M,28.96,1,362.9507745,0,FALSE,2,0
E13*:D54Y:N121T:R122A:V123L:T124P:V125*:K126R:G127A:T128L:G129V:F130S:K131S:S132Q:N133T:G134A:N135T:I136S:L137W:M139C:R140A:V141F:L142C:Y143T:H144T:S145R:P146H:H148T:A149Q:V150S:Y151I:I152S:L153C:P154L:D155T:R156A:K157R:N158M:G159V:G160A:L161*:K162R:I163L:E164S:Y165I:N166T:K167R:A168P:F169L:D170T:V171Y:L172W:G173A:G174A:G175V:H176T:Q177R:M178W:A179P:R180V:H181T:A182P:Q183S:F184S:N185T:K186S:G189A:A190H:W191G:E192R:E193K:D194I:Y195T:P197L:Y198T:H199T:H200T:L201*:T202Q:V203C:W204G:T205L:S206A:F207S:G208A:D210T:D212T:D213T:D214T:E215R:T216Q:D217I:H218T:T220R:I221S:V222S:E223R:V224S:I225L:K226R:A227P:V228*:D229T:L230W:E231K:T232R:Y233T:R234A,27.65,1,4117.506597,0,TRUE,108,0
T36A:N135S,1311.03,1,4159.667747,0,FALSE,2,0
P4L:E5K:G6A:A7R:K8S:L9C:F10S:E11K:E13R:I14F:Y16I:I17S:T18P:E19S:L20W:E21R:G22A:D23T:V24*:E25R:G26A:M27*:K28S:F29S:I30S:I31L:K32R:G33A:V34L:G35A:T36L:G37A:D38M:A39P:T40P:T41R:G42A:T43P:I44S:K45R:A46R:K47S:Y48T:I49S:C50A:T51P:T52P:G53A:D54T:L55C:V57C:W59G:A60L:T61P:I62S:L63C:S64H:S65P:L66C:S67R:Y68T:G69A:V70C:C72A:F73S:A74*:K75I:Y76P:R78P:I80C:A81G:D82L:F83L:F84Q:K85V:S86H:T87P:Q88T:P89R:D90W:G91L:Y92Q:Q94G:D95P:R96H:I97H:I98L:S99V:F100R:D101Q:N102*:D103R:G104P:Q105V:Y106R:D107R:V108E:K109S:A110Q:K111S:V112D:T113V:Y114*:N116R:G117Y:L119I:Y120Q:N121P:V123Y:T124R:V125E:K126G:G127H:T128W:G129F:F130Q:K131V:S132K:N133R:G134Q:N135H:I136P:L137G:G138D:M139A:V141F:L142V:Y143P:H144L:S145A:P146T:H148R:A149S:V150L:I152L:L153A:P154*:D155P:R156Q:K157E:N158W:G159W:G160L:L161K:K162D:I163*:E164V:Y165*:N166Q:K167C:A168L:F169*:D170R:V171T:L172G:G173R:G174R:G175S:H176P:Q177D:M178G:A179P:R180S:H181R:A182P:Q183V:F184Q:N185Q:K186A:L188W:G189R:A190M:W191G:E192G:E193R:D194L:Y195P:P197L:Y198P:H199P:H200P:L201D:T202S:W204D:T205*:S206L:F207R:G208Q:K209R:D210P:P211R:D212*:D213R:D214R:E215D:T216R:D217S:H218P:L219Y:T220D:I221R:V222R:E223G:V224H:I225*:K226G:A227R:V228R:D229L:L230G:E231N:T232V:Y233P:R234L,76.73,1,4159.351326,0,TRUE,214,0
F10L:N133D:G160S,79.47,1,460.745763,0,FALSE,3,0
Q105*:K111E,33.53,1,3993.201295,0,FALSE,2,0
I31F:W59*:K75N,62.25,1,4429.411405,0,FALSE,3,0
K45M:D54N:A60L:T61P:I62S:L63C:S64H:S65P:L66C:S67R:Y68T:G69A:V70C:C72A:F73S:A74*:K75I:Y76P:R78P:I80C:A81G:D82L:F83L:F84R:K85V:S86H:T87S:Q88T:P89R:D90W:G91L:Y92Q:Q94G:D95P:R96H:I97H:I98L:S99V:F100R:D101Q:N102*:D103R:G104S:Q105V:Y106R:D107R:V108E:K109S:A110Q:K111S:V112D:T113L:Y114*:N116R:G117Y:L119I:Y120Q:N121P:V123Y:T124R:V125E:K126G:G127H:T128W:G129F:F130Q:K131V:S132K:N133R:G134Q:N135H:I136P:L137G:G138D:M139A:V141F:L142V:Y143P:H144L:S145A:P146T:H148R:A149S:V150L:I152L:L153A:P154*:D155P:R156Q:K157E:N158W:G159W:G160L:L161K:K162D:I163*:E164V:Y165*:N166Q:K167G:A168L:F169*:D170R:V171T:L172G:G173R:G174R:G175S:H176P:Q177D:M178G:A179P:R180S:H181R:A182P:Q183V:F184Q:N185Q:K186A:L188W:G189R:A190M:W191G:E192G:E193R:D194L:Y195H:P197L:Y198P:H199P:H200P:L201D:T202S:V203G:W204D:T205*:S206L:F207R:G208Q:K209R:D210P:P211R:D212*:D213R:D214R:E215D:T216R:D217S:H218P:L219Y:T220D:I221R:V222R:E223G:V224H:I225*:K226G:A227R:V228R:D229L:L230G:E231N:T232V:Y233P:R234L,63.58,1,4161.610342,0,TRUE,165,0
I30V:W59R:K131*:G138R:L161I,26.95,1,2513.978156,0,FALSE,5,0
Y16*:F83L,33.72,1,3409.783565,0,FALSE,2,0
S132P:Q177K,90.26,1,461.8120039,0,FALSE,2,0
P4L:E5K:G6A:A7R:K8S:L9C:F10S:E11K:E13R:I14F:Y16I:I17S:T18P:E19S:L20W:E21R:G22A:D23T:V24*:E25R:G26A:M27*:K28S:F29S:I30S:I31L:K32R:G33A:V34L:G35A:T36L:G37A:D38M:A39P:T40P:T41R:G42A:T43P:I44S:K45R:A46R:K47S:Y48T:I49S:C50A:T51P:T52P:G53A:D54T:L55C:V57C:W59G:A60L:T61P:I62S:L63C:S64H:S65P:L66C:S67R:Y68T:G69A:V70C:C72A:F73S:A74*:K75I:Y76P:R78P:I80C:A81G:D82L:F83L:F84Q:K85V:S86H:T87P:Q88T:P89R:D90W:G91L:Y92Q:Q94G:D95P:R96H:I97H:I98L:S99V:F100R:D101Q:N102*:D103R:G104P:Q105V:Y106R:D107R:V108E:K109S:A110Q:K111S:V112D:T113V:Y114*:N116R:G117Y:L119I:Y120Q:N121P:V123Y:T124R:V125E:K126R:G127H:T128W:G129F:F130L:K131V:S132K:N133R:G134Q:N135H:I136P:L137G:G138D:M139A:V141F:L142V:Y143P:H144L:S145A:P146T:H148R:A149S:V150L:I152L:L153A:P154*:D155P:R156Q:K157E:N158W:G159W:G160L:L161K:K162D:I163*:E164V:Y165*:N166Q:K167G:A168L:F169*:D170R:V171T:L172G:G173R:G174R:G175S:H176P:Q177D:M178G:A179P:R180S:H181R:A182P:Q183V:F184Q:N185Q:K186A:L188W:G189R:A190M:W191G:E192G:E193R:D194L:Y195P:P197L:Y198P:H199P:H200P:L201D:T202S:W204D:T205*:S206L:F207R:G208Q:K209R:D210P:P211R:D212*:D213R:D214R:E215D:T216R:D217S:H218P:L219Y:T220D:I221R:V222R:E223G:V224H:I225*:K226G:A227R:V228R:D229L:L230G:E231N:T232V:Y233P:R234L,33.25,1,4144.252498,0,TRUE,214,0
Y114H:V123A:T232P,31.64,1,2189.080018,0,FALSE,3,0
F73L:Y120H,27.31,1,1252.093828,0,FALSE,2,0
K12*:I44F:V203A,101.44,1,2163.13194,0,FALSE,3,0
K12*:I44V:C72R:V108A:H199L,98.67,1,3467.925486,0,FALSE,5,0
A7E:K8Q:G53S:M139T,304.22,1,335.707095,0,FALSE,4,0
K12*:E19G:K167Q,59.6,1,3791.087159,0,FALSE,3,0
G127V:A179V,192.35,1,326.407144,0,FALSE,2,0
I31V:T36A,610.75,1,4460.474497,0,FALSE,2,0
C50Y,27.41,1,916.6240339,0,FALSE,1,0
S99L,475.51,1,4210.490633,0,FALSE,1,0
I98F:P197A:L201Q,43.14,1,3921.438455,0,FALSE,3,0
L20Q:G35C:C50R:S64*:D101N:V108M,35.08,1,4214.292994,0,FALSE,6,0
A46E:T51I:F100Y:V123G,66.64,1,4404.940623,0,FALSE,4,0
K28R:P56H:T87S:L161I:E164A,27.01,1,887.1765226,0,FALSE,5,0
H79Q:D95G:F100S:G127S:L137P:W204*:T205L:S206A:F207S:G208A:D210T:D212M:D213T:D214T:E215R:T216Q:D217I:H218T:T220R:I221S:V222S:E223R:V224S:I225L:K226R:A227P:V228*:D229T:L230W:E231K:T232R:Y233T:R234A,37.92,1,3163.395954,0,TRUE,33,0
Y16I:I17S:T18P:E19S:L20W:E21R:G22A:D23T:V24*:E25R:G26A:M27*:K28S:F29S:I30S:I31L:K32R:G33A:V34L:G35A:T36L:G37A:D38M:A39P:T40P:T41R:G42A:T43P:I44S:K45R:A46R:K47S:Y48T:I49S:C50A:T51P:T52P:G53V:D54T:L55C:V57C:W59G:A60L:T61P:I62S:L63C:S64H:S65P:L66C:S67R:Y68T:G69A:V70C:C72A:F73S:A74L:K75N:Y76T:R78A:H79T:I80L:A81R:D82T:F83S:F84S:K85S:S86P:T87P:Q88N:D90M:G91A:Y92T:S93V:Q94R:D95T:R96A:I97S:I98S:S99R:F100S:D101T:N102M:D103T:G104A:Q105S:Y106T:D107T:V108*:A110P:V112*:T113R:Y114M:E115R:N116T:G117V:T118H:L119Y:Y120T:N121T:R122A:V123L:T124P:V125*:K126R:G127A:T128L:G129V:F130S:K131S:S132Q:N133T:G134A:N135T:I136S:L137W:M139C:R140A:V141F:L142C:Y143T:H144T:S145R:P146H:H148T:A149Q:V150S:Y151I:I152S:L153C:P154L:D155T:R156A:K157R:N158M:G159V:G160A:L161*:K162R:I163L:E164S:Y165I:N166T:K167R:A168P:F169L:D170T:V171Y:L172W:G173A:G174A:G175V:H176T:Q177R:M178W:A179P:R180V:H181T:A182P:Q183S:F184S:N185T:K186S:G189A:A190H:W191G:E192R:E193K:D194I:Y195T:P197L:Y198T:H199T:H200T:L201*:T202Q:V203C:W204G:T205L:S206A:F207S:G208A:D210T:D212M:D213T:D214T:E215R:T216Q:D217I:H218T:T220R:I221S:V222S:E223R:V224S:I225L:K226R:A227P:V228*:D229T:L230W:E231K:T232R:Y233T:R234A,25.85,1,3949.697534,0,TRUE,204,0
V34A:E115D:D210N:P211S:T216A,49.27,1,4139.358045,0,FALSE,5,0
V108A:K109R:K209N,25.08,1,4024.181637,0,FALSE,3,0
K45M:H148D:V150A,25.44,1,2447.540758,0,FALSE,3,0
E5G:H181L:F184Y,2821.14,1,1134.476377,0,FALSE,3,0
A60D:K167M:I225T,30.78,1,267.9529975,0,FALSE,3,0
K131*:L230M,32.51,1,3291.384764,0,FALSE,2,0
W59L:I62T:Y76N:Q88L:Y106H:G160D,34.65,1,7270.180494,0,FALSE,6,0
V70M:F207S:L219I,57.13,1,223.9145284,0,FALSE,3,0
E11G:I97V:D107N,503.53,1,4409.292519,0,FALSE,3,0
E11*:I14T:Y165*,30.81,1,4346.554593,0,FALSE,3,0
E25G:G35A:T36L:G37A:D38M:A39P:T40P:T41R:G42A:T43P:I44S:K45R:A46R:K47S:Y48T:I49S:C50A:T51P:T52P:G53A:D54T:L55C:V57C:W59G:A60L:T61P:I62S:L63C:S64H:S65P:L66C:S67R:Y68T:G69A:V70C:C72A:F73S:A74*:K75I:Y76P:R78P:I80C:A81G:D82L:F83L:F84Q:K85V:S86H:T87P:Q88T:P89R:D90W:G91L:Y92Q:Q94G:D95P:R96H:I97H:I98L:S99V:F100R:D101Q:N102*:D103R:G104P:Q105V:Y106R:D107R:V108E:K109S:A110Q:K111S:V112D:T113V:Y114*:N116R:G117Y:L119I:Y120Q:N121P:V123Y:T124R:V125E:K126G:G127H:T128W:G129F:F130Q:K131V:S132K:N133R:G134Q:N135H:I136P:L137G:G138D:M139A:V141L:L142V:Y143P:H144L:S145A:P146T:H148R:A149S:V150L:I152L:L153A:P154*:D155P:R156Q:K157E:N158W:G159W:G160L:L161K:K162D:I163*:E164V:Y165*:N166Q:K167G:A168L:F169*:D170R:V171T:L172G:G173R:G174R:G175S:H176P:Q177D:M178G:A179P:R180S:H181R:A182P:Q183V:F184Q:N185Q:K186A:L188W:G189R:A190M:W191G:E192G:E193R:D194L:Y195P:P197L:Y198P:H199P:H200P:L201D:T202S:W204D:T205*:S206L:F207R:G208Q:K209R:D210P:P211R:D212*:D213R:D214R:E215D:T216R:D217S:H218P:L219Y:T220D:I221R:V222R:E223G:V224H:I225*:K226G:A227R:V228R:D229L:L230G:E231N:T232V:Y233P:R234L,25.99,1,4207.590594,0,TRUE,186,0
E19G:K75N:Y76T:R78A:H79T:I80L:A81R:D82T:F83S:F84S:K85S:S86P:T87P:Q88N:D90M:G91A:Y92T:S93V:Q94R:D95T:R96A:I97S:I98S:S99R:F100S:D101T:N102M:D103T:G104A:Q105S:Y106T:D107T:V108*:A110P:V112W:T113R:Y114M:E115R:N116T:G117V:T118H:L119Y:Y120T:N121T:R122A:V123L:T124P:V125*:K126R:G127A:T128L:G129V:F130S:K131S:S132Q:N133S:G134A:N135T:I136S:L137W:M139C:R140A:V141F:L142C:Y143T:H144T:S145R:P146H:H148T:A149Q:V150S:Y151I:I152S:L153C:D155T:R156A:K157R:N158M:G159V:G160A:L161*:K162R:I163L:E164S:Y165I:N166T:K167R:A168P:F169L:D170T:V171Y:L172W:G173A:G174A:G175V:H176T:Q177R:M178W:A179P:R180V:H181T:A182P:Q183S:F184S:N185T:K186S:G189A:A190H:W191V:E192R:E193K:D194I:Y195T:P197L:Y198T:H199T:H200T:L201*:T202Q:V203C:W204G:T205L:S206A:F207S:G208A:D210T:D212M:D213T:D214T:E215R:T216Q:D217I:H218T:T220R:I221S:V222S:E223R:V224S:I225L:K226R:A227P:V228*:D229T:L230W:E231K:T232R:Y233T:R234A,47.85,1,1678.210727,0,TRUE,148,0
W59*:I62N:G129D,49.54,1,3203.659297,0,FALSE,3,0
S67T:F84S,27.51,1,4248.201221,0,FALSE,2,0
V123D,28.62,1,3194.586509,0,FALSE,1,0
P89S:H200D,224.82,1,2475.868713,0,FALSE,2,0
K131E:N185I,191.55,1,260.5080047,0,FALSE,2,0
G6A:A7R:K8S:L9C:F10S:E11K:E13R:I14F:Y16I:I17S:T18P:E19S:L20W:E21R:G22A:D23T:V24*:E25R:G26A:M27*:K28S:F29S:I30S:I31L:K32R:G33A:V34L:G35A:T36L:G37A:D38M:A39P:T40P:T41R:G42A:T43P:I44S:K45R:A46R:K47S:Y48T:I49S:C50A:T51P:T52P:G53A:D54T:L55C:V57C:W59G:A60L:T61P:I62S:L63C:S64H:S65P:L66C:S67R:Y68T:G69A:V70C:C72A:F73S:A74*:K75I:Y76P:R78P:I80C:A81G:D82L:F83L:F84Q:K85V:S86H:T87P:Q88T:P89R:D90W:G91L:Y92Q:Q94G:D95P:R96H:I97H:I98L:S99V:F100R:D101Q:N102*:D103R:G104P:Q105V:Y106R:D107R:V108E:K109S:A110Q:K111S:V112D:T113V:Y114*:N116R:G117Y:L119I:Y120Q:N121P:V123Y:T124R:V125E:K126G:G127H:T128W:G129F:F130Q:K131V:S132K:N133W:G134Q:N135H:I136P:L137G:G138D:M139A:R140C:V141F:L142V:Y143P:H144L:S145A:P146T:H148R:A149S:V150L:I152L:L153A:P154*:D155P:R156Q:K157E:N158W:G159W:G160L:L161K:K162D:I163*:E164V:Y165*:N166Q:K167G:A168L:F169*:D170R:V171T:L172G:G173R:G174R:G175S:H176P:Q177D:M178G:A179L:R180S:H181R:A182P:Q183V:F184Q:N185Q:K186A:L188W:G189R:A190M:W191G:E192G:E193R:D194I:Y195P:P197L:Y198P:H199P:H200P:L201D:T202S:W204D:T205*:S206L:F207R:G208Q:K209R:D210P:P211R:D212*:D213R:D214R:E215D:T216R:D217S:H218P:L219Y:T220D:I221R:V222R:E223G:V224H:I225*:K226G:A227R:V228R:D229L:L230G:E231N:T232V:Y233P:R234L,36.06,1,4272.495806,0,TRUE,213,0
F207L:E215V,1079.6,1,4484.42139,0,FALSE,2,0
G174V:A227V,292.01,1,1036.795612,0,FALSE,2,0
I98N:G117C:S206C,36.09,1,3031.536848,0,FALSE,3,0
E11*:G160A,29.22,1,2585.67858,0,FALSE,2,0
K12N:E25*:I97F:H200R,51.03,1,3171.555371,0,FALSE,4,0
Y48H:F84S:K131*:L172Q:A227V:R234H,63.39,1,4298.390683,0,FALSE,6,0
Q88K,43.8,1,1215.27724,0,FALSE,1,0
T41A:V112E:V125A:H200Y,60.74,1,2461.048955,0,FALSE,4,0
L3F:A74D:A110V:L142*:H199R:E223D:L230S,26.43,1,4135.638856,0,FALSE,7,0
K109R:G174C:V228A,202.21,1,433.7333983,0,FALSE,3,0
I30V:V34I:P89H:K109R:K162M:K167T:V224A,33.31,1,1762.931876,0,FALSE,7,0
K32R:G33A:V34L:G35A:T36L:G37A:D38M:A39P:T40P:T41R:G42A:T43P:I44S:K45R:A46R:K47S:Y48T:I49S:C50A:T51P:T52P:G53A:D54T:L55C:V57Y:W59G:A60L:T61P:I62S:L63C:S64H:S65P:L66C:S67R:Y68T:G69A:V70C:C72A:F73S:A74L:K75N:Y76T:R78A:H79T:I80L:A81R:D82T:F83S:F84S:K85S:S86P:T87P:Q88N:D90M:G91A:Y92T:S93A:Q94R:D95T:R96A:I97S:I98S:S99R:F100S:D101T:N102M:D103T:G104A:Q105S:Y106T:D107T:V108*:A110P:V112*:T113R:Y114M:E115R:N116T:G117V:T118H:L119Y:Y120T:N121T:R122A:V123L:T124P:V125*:K126R:G127A:T128L:G129V:F130S:K131S:S132Q:N133T:G134A:N135T:I136S:L137W:M139C:R140A:V141F:L142C:Y143T:H144T:S145R:P146H:H148T:A149Q:V150S:Y151I:I152S:L153C:P154L:D155T:R156A:K157R:N158M:G159V:G160A:L161*:K162R:I163L:E164S:Y165I:N166T:K167R:A168P:F169L:D170T:V171Y:L172W:G173A:G174A:G175V:H176T:Q177R:M178W:A179P:R180V:H181T:A182P:Q183S:F184S:N185T:K186S:G189A:A190H:W191G:E192R:E193K:D194I:Y195T:P197L:Y198T:H199T:H200T:L201*:T202Q:V203C:W204G:T205L:S206A:F207S:G208A:D210T:D212M:D213M:D214T:E215R:T216Q:D217I:H218T:T220R:I221S:V222S:E223R:V224S:I225L:K226R:A227P:V228*:D229T:L230W:E231K:T232R:Y233T:R234A,72.08,1,3866.012755,0,TRUE,188,0
G42D:Y76H:Y120*:F169S:E192G:L219H,42.88,1,4734.641125,0,FALSE,6,0
E5G:E223K,451.99,1,4572.299185,0,FALSE,2,0
C50S:N102D:T113S:T202A,440.9,1,424.2139883,0,FALSE,4,0
I31T:G35V:I44T:V112A:K162*:E215V,65.09,1,2853.033943,0,FALSE,6,0
K111I:G134D,76.16,1,584.9570674,0,FALSE,2,0
S86T:D90V:D103G:N121K:N133S,57.85,1,4211.41013,0,FALSE,5,0
P15H:S145L,45.4,1,1971.22164,0,FALSE,2,0
C50S:A60L:T61P:I62S:L63C:S64H:S65P:L66C:S67R:Y68T:G69A:V70C:C72A:F73S:A74L:K75N:Y76T:R78A:H79T:I80L:A81R:D82T:F83S:F84S:K85S:S86P:T87P:Q88N:D90M:G91A:Y92T:S93V:Q94R:D95T:R96A:I97S:I98S:S99R:F100S:D101T:N102M:D103T:G104A:Q105S:Y106T:D107T:V108*:A110P:V112*:T113R:Y114M:E115R:N116T:G117V:T118H:L119Y:Y120T:N121T:R122A:V123L:T124P:V125*:K126R:G127A:T128L:G129V:F130S:K131S:S132Q:N133T:G134A:N135T:I136S:L137W:M139C:R140A:V141F:L142R:Y143T:H144T:S145R:P146H:H148T:A149Q:V150S:Y151I:I152S:L153C:P154L:D155T:R156A:K157R:N158M:G159V:G160A:L161*:K162R:I163L:E164S:Y165I:N166T:K167R:A168P:F169L:D170T:V171Y:L172W:G173A:G174A:G175V:H176T:Q177R:M178W:A179H:R180V:H181T:A182L:Q183S:F184S:N185T:K186S:G189A:A190H:W191G:E192R:E193K:D194I:Y195T:P197L:Y198T:H199I:H200T:L201*:T202Q:V203R:W204G:T205L:S206A:F207S:G208A:D210T:D212M:D213T:D214T:E215R:T216Q:D217I:H218T:T220R:I221S:V222S:E223R:V224S:I225L:K226R:A227P:V228*:D229T:L230W:E231K:T232R:Y233T:R234A,43.28,1,3848.854896,0,TRUE,163,0
H218R:L230M,32.18,1,1565.35337,0,FALSE,2,0
I80N:N133D:L153M:V224A,26.71,1,2135.558612,0,FALSE,4,0
S132*:N133T:G134A:N135T:I136S:L137W:M139C:R140A:V141F:L142C:Y143T:H144T:S145R:P146H:P147A:H148T:A149Q:V150S:Y151I:I152S:L153C:P154L:D155T:R156A:K157R:N158M:G159V:G160A:L161*:K162R:I163L:E164S:Y165I:N166T:K167R:A168P:F169L:D170T:V171Y:L172W:G173A:G174A:G175V:H176T:Q177R:M178W:A179P:R180V:H181T:A182P:Q183S:F184S:N185T:K186S:G189A:A190H:W191G:E192R:E193K:D194I:Y195T:P197L:Y198T:H199T:H200T:L201*:T202Q:V203C:W204G:T205L:S206A:F207S:G208A:K209R:D210P:P211R:D212*:D213R:D214R:E215D:T216R:D217S:H218P:L219Y:T220D:I221R:V222R:E223G:V224H:I225*:K226G:A227R:V228R:D229L:L230G:E231N:T232V:Y233P:R234L,28.32,1,3610.056883,0,TRUE,99,0
Y16*:R122C:V141D,40.58,1,2918.619254,0,FALSE,3,0
V57A:E115*,44.03,1,4269.118131,0,FALSE,2,0
F84S,116.03,2,1773.54221,95.65,FALSE,1,0.053931617
V34A:R96L:K162R:I163L:E164S:Y165I:N166T:K167R:A168P:F169L:D170T:V171Y:L172W:G173A:G174A:G175V:H176T:Q177R:M178W:A179P:R180V:H181T:A182P:Q183S:F184S:N185T:K186S:G189A:A190H:W191G:E192R:E193K:D194I:Y195T:P197L:Y198T:H199T:H200T:L201*:T202Q:V203C:W204G:T205L:S206A:F207S:G208A:D210T:D212M:D213T:D214T:E215R:T216Q:D217I:H218T:T220R:I221S:V222S:E223R:V224S:I225L:K226R:A227P:V228*:D229T:L230W:E231K:T232R:Y233T:R234A,39.85,1,5199.662012,0,TRUE,69,0
D101G:K131*:D213H,26.73,1,4130.982641,0,FALSE,3,0
T40A:D82N:V112M:G159S,32.02,1,3255.266674,0,FALSE,4,0
G42C:T52S,59.79,1,798.2828697,0,FALSE,2,0
K28*:G189D,31.56,1,3258.634886,0,FALSE,2,0
T40P:T41R:G42A:T43P:I44S:K45R:A46R:K47S:Y48T:I49S:C50A:T51P:T52P:G53A:D54T:L55C:V57C:W59G:A60L:T61P:I62S:L63C:S64H:S65P:L66C:S67R:Y68T:G69A:V70C:C72A:F73S:A74Q:K75I:Y76P:R78P:I80C:A81G:D82L:F83P:F84Q:K85V:S86H:T87P:Q88T:P89R:D90W:G91L:Y92Q:Q94G:D95P:R96H:I97H:I98L:S99V:F100R:D101Q:N102*:D103R:G104P:Q105V:Y106R:D107R:V108E:K109S:A110Q:K111S:V112D:T113V:Y114*:N116R:G117Y:L119I:Y120Q:N121P:V123Y:T124R:V125E:K126G:G127H:T128W:G129F:F130Q:K131V:S132K:N133R:G134Q:N135H:I136P:L137G:G138D:M139A:V141F:L142V:Y143P:H144L:S145A:P146T:H148R:A149S:V150L:I152L:L153A:P154*:D155P:R156Q:K157E:N158W:G159W:G160L:L161K:K162D:I163*:E164V:Y165*:N166Q:K167G:A168L:F169*:D170R:V171T:L172G:G173R:G174R:G175S:H176P:Q177D:M178G:A179P:R180S:H181R:A182P:Q183V:F184Q:N185Q:K186A:L188W:G189R:A190M:W191G:E192G:E193R:D194L:Y195P:P197L:Y198P:H199P:H200P:L201D:T202S:W204D:T205*:S206L:F207R:G208Q:K209R:D210P:P211R:D212*:D213R:D214R:E215D:T216R:D217S:H218P:L219Y:T220D:I221R:V222R:E223G:V224H:I225*:K226G:A227R:V228R:D229L:L230G:E231N:T232V:Y233P:R234L,55.36,1,4215.225509,0,TRUE,180,0
L9M:Y106C:M139C:R140A:V141F:L142C:Y143T:H144T:S145R:P146H:H148T:A149Q:V150S:Y151I:I152S:L153S:P154L:D155T:R156A:K157R:N158M:G159V:G160A:L161*:K162R:I163L:E164S:Y165I:N166T:K167R:A168P:F169L:D170T:V171Y:L172W:G173A:G174A:G175V:H176T:Q177R:M178W:A179P:R180V:H181T:A182P:Q183S:F184S:N185T:K186S:P187L:G189A:A190H:W191G:E192R:E193K:D194I:Y195T:P197L:Y198T:H199T:H200T:L201*:T202Q:V203C:W204G:T205Q:S206A:F207S:G208A:D210T:D212M:D213T:D214T:E215R:T216Q:D217I:H218T:T220R:I221S:V222S:E223R:V224S:I225L:K226R:A227P:V228*:D229T:L230W:E231K:T232R:Y233T:R234A,26.99,1,2895.325953,0,TRUE,92,0
L153S:D170G,3244.66,1,344.1225221,0,FALSE,2,0
V57M:K111I,38.77,1,4254.296032,0,FALSE,2,0
Y16*:L20Q:D82N:V222D,65.1,1,3747.34773,0,FALSE,4,0
Y16*:G26D:S67P:T205N:D217E,25.86,1,3461.337838,0,FALSE,5,0
D23G:K28*:Q183H:F184S:N185T:K186S:G189A:A190H:W191G:E192R:E193K:D194I:Y195T:P197L:Y198T:H199T:H200T:L201*:T202Q:V203C:W204G:T205L:S206A:F207S:G208A:D210T:P211R:D212*:D213R:D214R:E215D:T216R:D217S:H218P:L219Y:T220D:I221R:V222R:E223G:V224H:I225*:K226G:A227R:V228R:D229L:L230G:E231N:T232V:Y233P:R234L,69.96,1,3774.702684,0,TRUE,50,0
T41M:N185H,31.62,1,2293.941632,0,FALSE,2,0
Y16F:T18I:W59G:A60L:T61P:I62S:L63C:S64H:S65P:L66C:S67R:Y68T:G69A:V70C:C72A:F73S:A74Q:K75I:Y76P:R78P:I80C:A81G:D82L:F83L:F84Q:K85V:S86H:T87P:Q88T:P89R:D90W:G91L:Y92Q:Q94G:D95P:R96H:I97H:I98L:S99V:F100R:D101Q:N102*:D103R:G104P:Q105V:Y106R:D107R:V108E:K109S:A110Q:K111S:V112D:T113V:Y114*:N116R:G117Y:L119I:Y120Q:N121P:V123Y:T124R:V125E:K126G:G127H:T128W:G129F:F130Q:K131V:S132K:N133R:G134Q:N135H:I136P:L137G:G138D:M139A:V141F:L142V:Y143P:H144L:S145A:P146T:H148R:A149S:V150L:I152L:L153A:P154*:D155P:R156Q:K157E:N158W:G159W:G160L:L161K:K162D:I163*:E164V:Y165*:N166Q:K167G:A168L:F169*:D170R:V171T:L172G:G173R:G174Q:G175S:H176P:Q177D:M178G:A179P:R180S:H181R:A182P:Q183V:F184Q:N185Q:K186A:L188W:G189R:A190M:W191G:E192G:E193R:D194L:Y195P:P197L:Y198P:H199P:H200P:L201D:T202S:V203M:W204D:T205*:S206L:F207R:G208Q:K209R:D210P:P211R:D212*:D213R:D214R:E215D:T216R:D217S:H218P:L219Y:T220D:I221R:V222R:E223G:V224H:I225*:K226G:A227R:V228R:D229L:L230G:E231N:T232V:Y233P:R234L,31.49,1,4601.307272,0,TRUE,166,0
K28*:D95G,32.46,1,3501.560347,0,FALSE,2,0
K8*:N102D:V108M:Q177L,40.22,1,3317.984387,0,FALSE,4,0
Y16*:K111E:I163N,27.21,1,4252.896481,0,FALSE,3,0
A60L:T61P:I62S:L63C:S64P:S65P:L66C:S67R:Y68T:G69A:V70C:C72A:F73S:A74L:K75N:Y76T:R78A:H79T:I80L:A81R:D82T:F83S:F84S:K85S:S86P:T87P:Q88N:D90M:G91A:Y92T:S93V:Q94R:D95T:R96A:I97S:I98S:S99R:F100S:D101T:N102M:D103T:G104A:Q105S:Y106T:D107T:V108*:A110P:V112*:T113R:Y114M:E115R:N116T:G117V:T118H:L119Y:Y120T:N121T:R122A:V123L:T124P:V125*:K126R:G127A:T128L:G129V:F130S:K131S:S132R:N133T:G134A:N135T:I136S:L137W:M139C:R140A:V141F:L142C:Y143T:H144T:S145R:P146H:H148T:A149Q:V150S:Y151I:I152S:L153C:P154L:D155T:R156A:K157R:N158L:G159V:G160A:L161*:K162R:I163L:E164S:Y165I:N166T:K167R:A168P:F169L:D170T:V171Y:L172W:G173A:G174A:G175V:H176T:Q177R:M178W:A179P:R180V:H181T:A182P:Q183S:F184S:N185T:K186S:G189A:A190H:W191G:E192R:E193K:D194I:Y195T:P197L:Y198T:H199T:H200T:L201*:T202Q:V203C:W204G:T205L:S206A:F207S:G208A:D210T:D212M:D213T:D214T:E215R:T216Q:D217I:H218T:T220R:I221S:V222S:E223R:V224S:I225L:K226R:A227P:V228*:D229T:L230W:E231K:T232R:Y233T:R234A,25.34,1,4788.204712,0,TRUE,162,0
F10L:W59*,29.22,1,3062.554707,0,FALSE,2,0
T43I:F73L:V224D,26.89,1,3285.429028,0,FALSE,3,0
E13*:V108M:F130I:G174C:A190T,33.29,1,2230.596734,0,FALSE,5,0
R78A:H79T:I80L:A81R:D82T:F83S:F84L:K85S:S86P:T87P:Q88N:D90M:G91A:Y92T:S93V:Q94R:D95T:R96A:I97S:I98S:S99R:F100S:D101T:N102M:D103T:G104A:Q105S:Y106T:D107T:V108*:A110P:V112*:T113R:Y114M:E115R:N116T:G117V:T118H:L119Y:Y120T:N121T:R122A:V123L:T124P:V125*:K126R:G127A:T128L:G129V:F130S:K131S:S132Q:N133T:G134A:N135T:I136S:L137W:M139C:R140A:V141F:L142C:Y143T:H144T:S145R:P146H:H148T:A149Q:V150S:Y151I:I152S:L153C:P154L:D155T:R156A:K157R:N158M:G159V:G160A:L161*:K162R:I163L:E164S:Y165I:N166T:K167R:A168P:F169L:D170T:V171Y:L172W:G173A:G174A:G175V:H176T:Q177R:M178W:A179P:R180V:H181T:A182P:Q183S:F184S:N185T:K186S:G189A:A190H:W191G:E192R:E193K:D194I:Y195T:P197L:Y198T:H199T:H200T:L201*:T202Q:V203C:W204G:T205L:S206A:F207S:G208A:D210T:D212M:D213T:D214T:E215R:T216Q:D217I:H218T:T220R:I221S:V222S:E223R:V224S:I225L:K226R:A227P:V228*:D229T:L230W:E231K:T232R:Y233T:R234A,46.01,1,4583.554033,0,TRUE,146,0
Y143C:K209R:V224A:K226E,29.07,1,291.5236091,0,FALSE,4,0
V24E:K47*:S93R:A110V:H148L:P211S:T232A,47.55,1,3065.365666,0,FALSE,7,0
G37C:M178V:P187R:A227T,27.92,1,4208.805038,0,FALSE,4,0
L201Q:D217G:V222D,35.74,1,4003.136872,0,FALSE,3,0
C72R:F184Y,25.36,1,1275.526574,0,FALSE,2,0
K75N:Y76T:R78A:H79T:I80L:A81R:D82T:F83S:F84S:K85S:S86P:T87P:Q88N:D90M:G91A:Y92T:S93V:Q94R:D95T:R96A:I97S:I98S:S99R:F100S:D101T:N102M:D103T:G104A:Q105S:Y106T:D107T:V108*:A110P:V112*:T113R:Y114M:E115R:N116T:G117V:T118H:L119Y:Y120T:N121T:R122A:V123L:T124P:V125*:K126R:G127A:T128L:G129V:F130S:K131S:S132Q:N133T:G134A:N135T:I136S:L137W:M139C:R140A:V141F:L142C:Y143T:H144T:S145R:P146H:H148T:A149Q:V150S:Y151I:I152S:L153C:P154L:D155T:R156A:K157R:N158M:G159V:G160A:L161*:K162R:I163L:E164S:Y165I:N166T:K167R:A168L:F169L:D170T:V171Y:L172W:G173A:G174A:G175V:H176T:Q177R:M178W:A179P:R180V:H181T:A182P:Q183S:F184S:N185T:K186S:G189A:A190H:W191G:E192R:E193K:D194I:Y195T:P197L:Y198T:H199I:H200T:L201*:T202Q:V203C:W204G:T205L:S206A:F207S:G208A:D210T:D212M:D213T:D214T:E215R:T216Q:D217I:H218T:T220R:I221S:V222S:E223R:V224S:I225L:K226R:A227P:V228*:D229T:L230W:E231K:T232R:Y233T:R234A,25.09,1,2694.197258,0,TRUE,148,0
T41S:L63Q:N121S:A179T:Q183*:D214E,33.65,1,2657.07816,0,FALSE,6,0
A46T:T51A,1687.58,1,3073.423442,0,FALSE,2,0
L63Q:F207S,555.57,1,300.0814081,0,FALSE,2,0
A60L:T61P:I62S:L63C:S64H:S65P:L66C:S67R:Y68T:G69A:V70C:C72A:F73S:A74*:K75I:Y76P:R78P:I80C:A81G:D82L:F83L:F84Q:K85V:S86H:T87P:Q88T:P89R:D90W:G91L:Y92Q:Q94G:D95P:R96H:I97H:I98L:S99V:F100R:D101Q:N102*:D103R:G104P:Q105V:Y106R:D107R:V108E:K109S:A110Q:K111S:V112D:T113V:Y114*:N116R:G117Y:L119I:Y120Q:N121P:V123Y:T124R:V125E:K126G:G127H:T128W:G129F:F130Q:K131V:S132K:N133R:G134Q:N135H:I136P:L137G:G138D:M139A:V141F:L142V:Y143P:S145A:P146T:H148R:A149S:V150L:I152L:L153A:P154*:D155P:R156Q:K157E:N158W:G159W:G160L:L161K:K162D:I163*:E164V:Y165*:N166Q:K167G:A168L:F169*:D170R:V171T:L172G:G173R:G174R:G175S:H176P:Q177D:M178G:A179P:R180S:H181R:A182P:Q183V:F184Q:N185Q:K186A:L188W:G189R:A190M:W191G:E192G:E193R:D194L:Y195P:P197L:Y198P:H199P:H200P:L201D:T202S:W204D:T205*:S206L:F207R:G208Q:K209R:D210P:P211R:D212*:D213R:D214R:E215D:T216R:D217S:H218P:L219Y:T220D:I221R:V222R:E223G:V224H:I225*:K226G:A227R:V228*:D229L:L230G:E231N:T232V:Y233P:R234L,182.59,1,4239.93971,0,TRUE,161,0
E21G:K109I:L142C:Y143T:H144T:S145R:P146H:H148T:A149Q:V150S:Y151I:I152S:L153C:P154L:D155T:R156A:K157R:N158M:G159V:G160A:L161*:K162R:I163L:E164S:Y165I:N166T:K167R:A168P:F169L:D170T:V171Y:L172W:G173A:G174A:G175V:H176T:Q177R:M178W:A179P:R180V:H181T:A182P:Q183S:F184S:N185T:K186S:G189A:A190H:W191G:E192R:E193K:D194I:Y195T:P197L:Y198T:H199T:H200T:L201*:T202Q:V203C:W204G:T205L:S206A:F207S:G208A:D210T:D212M:D213T:D214T:E215R:T216Q:D217I:H218T:T220R:I221S:V222S:E223R:V224S:I225L:K226R:A227P:V228*:D229T:L230W:E231K:T232R:Y233T:R234A,26.12,1,3748.885729,0,TRUE,88,0
L55Q:F207L,92.35,1,1743.016569,0,FALSE,2,0
T113A:K167N:T220A,64.18,1,262.3372671,0,FALSE,3,0
I62T:S132T:T202I:P211T,31.28,1,457.6847368,0,FALSE,4,0
A39V:G42C:G117D,34.27,1,4152.408511,0,FALSE,3,0
N116S:Y151*:R180C:K186E:F207I:T216R,25.64,1,3822.478957,0,FALSE,6,0
L3F:P4L:E5K:G6A:A7R:K8G:L9C:F10S:E11K:E13R:I14F:Y16I:I17S:T18P:E19S:L20W:E21R:G22A:D23T:V24*:E25R:G26A:M27*:K28S:F29S:I30S:I31L:K32R:G33A:V34L:G35A:T36L:G37A:D38M:A39P:T40P:T41R:G42A:T43P:I44S:K45R:A46R:K47S:Y48T:I49S:C50A:T51P:T52P:G53A:D54T:L55C:V57C:W59G:A60L:T61P:I62S:L63C:S64H:S65P:L66C:S67R:Y68T:G69A:V70C:C72A:F73S:A74*:K75I:Y76P:R78P:I80C:A81G:D82L:F83L:F84Q:K85V:S86H:T87P:Q88T:P89R:D90W:G91L:Y92Q:Q94G:D95P:R96H:I97H:I98L:S99V:F100R:D101Q:N102*:D103R:G104P:Q105V:Y106R:D107R:V108E:K109S:A110Q:K111S:V112D:T113V:Y114*:N116Q:G117Y:L119I:Y120Q:N121P:V123F:T124R:V125E:K126G:G127H:T128W:G129F:F130Q:K131V:S132K:N133R:G134Q:N135H:I136P:L137G:G138D:M139A:V141F:L142V:Y143P:H144L:S145A:P146T:H148R:A149S:V150L:I152L:L153A:P154*:D155P:R156Q:K157E:N158W:G159W:G160L:L161K:K162D:I163*:E164V:Y165*:N166Q:K167G:A168L:F169*:D170R:V171T:L172G:G173R:G174R:G175S:H176P:Q177D:M178G:A179P:R180S:H181R:A182P:Q183V:F184Q:N185Q:K186A:L188W:G189R:A190M:W191G:E192G:E193R:D194L:Y195P:P197L:Y198P:H199P:H200P:L201D:T202S:W204D:T205*:S206L:F207R:G208Q:K209R:D210P:P211R:D212*:D213R:D214R:E215D:T216R:D217S:H218P:L219Y:T220D:I221R:V222R:E223G:V224H:I225*:K226G:A227R:V228R:D229L:L230G:E231N:T232V:Y233P:R234L,109.22,1,4185.649483,0,TRUE,215,0
F83L:W204R:K209N,30.48,1,2966.983383,0,FALSE,3,0
G6C:F130I:M178T:T205S,39.27,1,969.1450852,0,FALSE,4,0
V125M:M178K,997.97,1,337.5264763,0,FALSE,2,0
K32*:C72R:S145P,27.92,1,1759.490357,0,FALSE,3,0
W59R:A81G:D90V:F100L:D101T:N102M:D103T:G104A:Q105S:Y106T:D107T:V108*:A110P:V112*:T113R:Y114M:E115R:N116T:G117V:T118H:L119Y:Y120T:N121T:R122A:V123L:T124P:V125*:K126R:G127A:T128L:G129V:F130S:K131S:S132Q:N133T:G134A:N135T:I136S:L137W:M139C:R140A:V141F:L142C:Y143T:H144T:S145R:P146H:H148T:A149Q:V150S:Y151I:I152S:L153C:P154L:D155T:R156A:K157R:N158M:G159V:G160A:L161*:K162R:I163L:E164S:Y165I:N166T:K167R:A168P:F169L:D170T:V171Y:L172W:G173A:G174A:G175V:H176T:Q177R:M178W:A179P:R180V:H181T:A182P:Q183S:F184S:N185T:K186S:G189A:A190H:W191G:E192R:E193K:D194I:Y195T:P197L:Y198T:H199T:H200T:L201*:T202Q:V203C:W204G:T205L:S206A:F207S:G208A:D210T:D212M:D213T:D214T:E215R:T216Q:D217I:H218T:T220R:I221S:V222S:E223R:V224S:I225L:K226R:A227P:V228*:D229T:L230W:E231K:T232R:Y233T:R234A,32.87,1,1827.996157,0,TRUE,128,0
Q94*:V112A:L137M:D213V,36.5,1,4109.29248,0,FALSE,4,0
T2A:G42S:D101G:Y143C,193.2,1,4728.477722,0,FALSE,4,0
K45*:A81E:P147R:Y151*:H176R,35.84,1,3574.557206,0,FALSE,5,0
E13R:I14F:Y16I:I17S:T18P:E19S:L20W:E21R:G22A:D23T:V24*:E25R:G26A:M27*:K28S:F29S:I30S:I31L:K32R:G33A:V34L:G35A:T36L:G37A:D38M:A39P:T40P:T41R:G42A:T43P:I44S:K45R:A46R:K47S:Y48T:I49S:C50A:T51P:T52P:G53A:D54T:L55C:V57C:W59G:A60L:T61P:I62S:L63C:S64H:S65P:L66C:S67R:Y68T:G69V:V70C:C72A:F73S:A74Q:K75I:Y76P:R78P:I80C:A81G:D82L:F83L:F84Q:K85V:S86H:T87P:Q88T:P89R:D90W:G91L:Y92Q:Q94G:D95P:R96H:I97H:I98L:S99V:F100R:D101Q:N102*:D103R:G104P:Q105V:Y106R:D107R:V108E:K109S:A110Q:K111S:V112D:T113V:Y114*:N116R:G117Y:L119I:Y120Q:N121P:V123Y:T124R:V125E:K126G:G127H:T128W:G129F:F130Q:K131V:S132K:N133R:G134Q:N135H:I136P:L137G:G138D:M139A:V141F:L142V:Y143P:H144L:S145A:P146T:H148R:A149S:V150L:I152L:L153A:P154*:D155P:R156Q:K157E:N158W:G159W:G160L:L161K:K162D:I163*:E164V:Y165*:N166Q:K167G:A168L:F169*:D170R:V171T:L172G:G173R:G174R:G175S:H176P:Q177D:M178G:A179P:R180S:H181R:A182P:Q183V:F184Q:N185Q:K186A:L188W:G189R:A190M:W191G:E192G:E193R:D194L:Y195P:P197L:Y198P:H199P:H200P:L201D:T202S:W204D:T205*:S206L:F207R:G208Q:K209R:D210P:P211R:D212*:D213R:D214R:E215D:T216R:D217S:H218P:L219Y:T220D:I221R:V222R:E223G:V224H:I225*:K226G:A227R:V228R:D229L:L230G:E231N:T232V:Y233P:R234L,48.8,1,3974.422376,0,TRUE,206,0
S132L:K157*:E164G:E231D,26.01,1,2504.190868,0,FALSE,4,0
I98F:K109*:L161*:E192D,25.74,1,3827.686322,0,FALSE,4,0
K85E:H199Y,33.01,1,2909.210763,0,FALSE,2,0
R156S:A168D:V171I,43.59,1,351.4759553,0,FALSE,3,0
Y16I:I17S:T18P:E19S:L20W:E21R:G22A:D23T:V24*:E25R:G26A:M27*:K28S:F29S:I30S:I31L:K32R:G33A:V34L:G35A:T36L:G37A:D38M:A39P:T40P:T41R:G42A:T43P:I44S:K45R:A46R:K47S:Y48T:I49S:C50A:T51P:T52P:G53V:D54T:L55C:V57C:W59G:A60Q:T61P:I62S:L63C:S64H:S65P:L66C:S67R:Y68T:G69A:V70C:C72A:F73S:A74*:K75I:Y76P:R78P:I80C:A81G:D82L:F83L:F84Q:K85V:S86H:T87P:Q88T:P89R:D90W:G91L:Y92Q:Q94G:D95P:R96H:I97H:I98L:S99V:F100R:D101Q:N102*:D103R:G104P:Q105V:Y106R:D107R:V108E:K109S:A110Q:K111S:V112D:T113V:Y114*:N116R:G117Y:L119I:Y120Q:N121P:V123Y:T124R:V125E:K126G:G127H:T128W:G129F:F130Q:K131V:S132K:N133R:G134H:N135H:I136P:L137G:G138D:M139A:V141F:L142V:Y143P:H144L:S145A:P146T:H148R:A149S:V150L:I152L:L153A:P154*:D155P:R156Q:K157E:N158W:G159W:G160L:L161K:K162D:I163*:E164V:Y165*:N166Q:K167G:A168L:F169*:D170R:V171T:L172G:G173R:G174R:G175S:H176P:Q177D:M178G:A179P:R180S:H181R:A182P:Q183V:F184Q:N185Q:K186A:L188W:G189R:A190M:W191G:E192G:E193R:D194L:Y195P:P197L:Y198P:H199P:H200P:L201D:T202S:W204D:T205*:S206L:F207R:G208Q:K209R:D210P:P211R:D212*:D213R:D214R:E215D:T216R:D217S:H218P:L219Y:T220D:I221R:V222R:E223G:V224H:I225*:K226G:A227R:V228R:D229L:L230G:E231N:T232V:Y233P:R234L,59.47,1,3376.103195,0,TRUE,204,0
S67P:Y68*:F73C:K131M:F207S,50.26,1,3884.294395,0,FALSE,5,0
F73V:P187A:A190T,34.29,1,1547.72545,0,FALSE,3,0
F71L:C72L:F73R:A74K:K75Y:Y76P:P77R:R78H:H79I:I80A:A81D:D82F:F84K:K85S:S86T:T87Q:Q88P:P89D:D90G:G91Y:Y92S:S93Q:Q94D:D95R:R96I:I98S:S99F:F100D:D101N:N102D:D103G:G104Q:Q105Y:Y106D:D107V:V108K:K109A:A110K:K111V:V112T:T113Y:Y114E:E115N:N116G:G117T:T118L:L119Y:Y120N:N121R:R122V:V123T:T124V:V125K:K126G:G127T:T128G:G129F:F130K:K131S:S132N:N133G:G134N:N135I:I136L:L137G:G138M:M139R:R140V:V141L:L142Y:Y143H:H144S:S145P:P147H:H148A:A149V:V150Y:Y151I:I152L:L153P:P154D:D155R:R156K:K157N:N158G:G160L:L161K:K162I:I163E:E164Y:Y165N:N166K:K167A:A168F:F169D:D170V:V171L:L172G:G175H:H176P:Q177M:M178A:A179R:R180H:H181A:A182Q:Q183F:F184N:N185K:K186P:P187L:L188G:G189V:A190W:W191E:E193D:D194Y:Y195P:P197Y:Y198H:H200L:L201T:T202V:V203W:W204T:T205S:S206F:F207G:G208K:K209D:D210P:P211D:D214E:E215T:T216D:D217H:H218L:L219T:T220I:I221V:V222E:E223V:V224I:I225K:K226A:A227V:V228D:D229L:L230E:E231T:T232Y:Y233R:R234*,30.62,1,2654.194842,0,TRUE,153,0
Y16*:L66P:I97T:N135S:F184S:N185T:K186S:G189A:A190H:W191G:E192R:E193K:D194I:Y195T:P197F:Y198T:H199T:H200T:L201*:T202Q:V203C:W204G:T205L:S206A:F207S:G208A:D210T:D212M:D213T:D214T:E215R:T216Q:D217I:H218T:T220R:I221S:V222S:E223R:V224S:I225L:K226R:A227P:V228*:D229T:L230W:E231K:T232R:Y233T:R234A,34.2,1,4241.4656,0,TRUE,49,0
Q105L:K167N:F184L,682.34,1,490.6136824,0,FALSE,3,0
D107V:F169S,55.03,1,243.3403932,0,FALSE,2,0
P4L:E5K:G6A:A7R:K8S:L9C:F10S:E11K:E13R:I14F:Y16I:I17S:T18P:E19S:L20W:E21R:G22A:D23T:V24*:E25K:G26A:M27*:K28R:F29S:I30S:I31L:K32R:G33A:V34L:G35A:T36L:G37A:D38M:A39P:T40P:T41R:G42A:T43P:I44S:K45R:A46R:K47S:Y48T:I49S:C50A:T51P:T52P:G53A:D54T:L55C:V57C:W59G:A60L:T61P:I62S:L63C:S64H:S65P:L66C:S67R:Y68T:G69A:V70C:C72A:F73S:A74Q:K75I:Y76P:R78P:I80C:A81G:D82L:F83L:F84Q:K85V:S86H:T87P:Q88T:P89R:D90W:G91L:Y92Q:Q94G:D95P:R96H:I97H:I98L:S99V:F100R:D101Q:N102*:D103R:G104P:Q105V:Y106R:D107R:V108E:K109S:A110Q:K111S:V112D:T113V:Y114*:N116R:G117Y:L119I:Y120Q:N121P:V123Y:T124R:V125E:K126G:G127H:T128W:G129F:F130Q:K131V:S132E:N133R:G134Q:N135H:I136P:L137G:G138D:M139A:V141F:L142V:Y143P:H144L:S145A:P146T:H148R:A149S:V150L:I152L:L153A:P154*:D155P:R156Q:K157E:N158W:G159W:G160L:L161K:K162D:I163*:E164V:Y165*:N166Q:K167G:A168L:F169*:D170R:V171T:L172G:G173R:G174R:G175S:H176P:Q177D:M178G:A179P:R180S:H181R:A182P:Q183V:F184Q:N185Q:K186A:L188W:G189R:A190M:W191G:E192G:E193R:D194L:Y195P:P197L:Y198P:H199P:H200P:L201D:T202S:W204D:T205*:S206L:F207R:G208Q:K209R:D210P:P211R:D212*:D213R:D214R:E215D:T216R:D217S:H218P:L219N:T220D:I221R:V222R:E223G:V224H:I225*:K226G:A227R:V228R:D229L:L230G:E231N:T232V:Y233P:R234L,25.4,1,3745.036768,0,TRUE,214,0
K47M:Q105H:Y106H,26.16,1,2745.289106,0,FALSE,3,0
W59R:R78S:V150A,27.6,1,2478.028499,0,FALSE,3,0
T51I:A74P:H144Y,31.33,1,3476.59728,0,FALSE,3,0
Y68*,27.6,1,3476.417345,0,FALSE,1,0
K12N:K32R:T36P,32.98,1,1378.706482,0,FALSE,3,0
I44T:H176R,300.29,1,330.2766163,0,FALSE,2,0
K12*:I30F:P77T:P154T,25.7,1,3476.33177,0,FALSE,4,0
P58H:T61S,752.74,1,285.997311,0,FALSE,2,0
K45N:T52I:D101V:V108E,33.49,1,1692.466631,0,FALSE,4,0
K32M:S99A:G104S,28.6,1,2333.616336,0,FALSE,3,0
T40A:K109I:T128A:W204L,26.35,1,3819.346104,0,FALSE,4,0
S67*:P89L,64.33,1,3125.014011,0,FALSE,2,0
T61A:F73Y:Y92C:G127S:G160D:E231D,26.86,1,2664.060334,0,FALSE,6,0
Q94*:D107Y:K157T:N185S,26.64,1,4262.251554,0,FALSE,4,0
G42A:T43P:I44S:K45R:A46R:K47S:Y48T:I49S:C50A:T51P:T52P:G53A:D54T:L55C:V57C:W59G:A60L:T61P:I62S:L63C:S64H:S65P:L66C:S67R:Y68T:G69A:V70C:C72A:F73S:A74L:K75N:Y76T:R78A:H79T:I80L:A81R:D82T:F83S:F84S:K85S:S86P:T87P:Q88N:D90M:G91A:Y92T:S93V:Q94R:D95T:R96A:I97S:I98S:S99R:F100S:D101T:N102M:D103T:G104A:Q105S:Y106T:D107T:V108*:A110P:V112R:T113R:Y114M:E115R:N116T:G117V:T118H:L119Y:Y120T:N121T:R122A:V123L:T124P:V125*:K126R:G127A:T128L:G129V:F130S:K131S:S132Q:N133T:G134A:N135T:I136S:L137W:M139C:R140A:V141F:L142C:Y143T:H144T:S145R:P146H:H148T:A149Q:V150S:Y151I:I152S:L153C:P154L:D155T:R156A:K157R:N158M:G159V:G160A:L161*:K162R:I163L:E164S:Y165I:N166T:K167R:A168P:F169L:D170T:V171Y:L172W:G173A:G174A:G175V:H176T:Q177R:M178W:A179P:R180V:H181T:A182P:Q183S:F184S:N185T:K186S:G189A:A190H:W191G:E192R:E193K:D194I:Y195T:P197L:Y198T:H199T:H200T:L201*:T202Q:V203C:W204G:T205L:S206A:F207S:G208A:D210T:D212M:D213T:D214T:E215R:T216Q:D217I:H218T:T220R:I221S:V222S:E223R:V224S:I225L:K226R:A227P:V228*:D229T:L230W:E231K:T232R:Y233T:R234V,26.26,1,2520.77195,0,TRUE,178,0
G127D:S145L:N158I:D170G,80.4,1,3735.333368,0,FALSE,4,0
F29L:C50Y:Y114N:F130L,26.57,1,3857.253607,0,FALSE,4,0
E25G:W59*:D210Y,40.2,1,4124.071309,0,FALSE,3,0
E5V:I49N:F73Y:K109I:V224A,48.66,1,2839.036739,0,FALSE,5,0
Q177K,32.81,1,142.2178795,0,FALSE,1,0
A74T:G91D,28.21,1,1860.421693,0,FALSE,2,0
E13R:I14F:Y16I:I17S:T18P:E19S:L20W:E21R:G22A:D23T:V24*:E25R:G26A:M27*:K28S:F29S:I30S:I31L:K32R:G33A:V34L:G35A:T36L:G37A:D38M:A39P:T40P:T41R:G42A:T43P:I44S:K45W:A46R:K47S:Y48T:I49S:C50T:T52P:G53A:D54T:L55C:V57C:W59G:A60L:T61P:I62S:L63C:S64H:S65P:L66C:S67R:Y68T:G69A:V70C:C72A:F73S:A74L:K75N:Y76T:R78A:H79T:I80L:A81R:D82T:F83S:F84S:K85S:S86P:T87P:Q88N:D90M:G91A:Y92T:S93A:Q94R:D95T:R96A:I97S:I98S:S99R:F100S:D101T:N102M:D103T:G104A:Q105S:Y106T:D107T:V108*:A110P:V112*:T113R:Y114M:E115R:N116T:G117V:T118H:L119Y:Y120T:N121T:R122A:V123L:T124P:V125*:K126R:G127A:T128L:G129V:F130S:K131N:S132Q:N133T:G134A:N135T:I136S:L137W:M139C:R140A:V141F:L142C:Y143T:H144T:S145R:P146H:H148T:A149Q:V150S:Y151I:I152S:L153C:P154L:D155T:R156A:K157R:N158M:G159V:G160A:L161*:K162R:I163L:E164S:Y165I:N166T:K167R:A168P:F169L:D170T:V171Y:L172W:G173A:G174A:G175V:H176T:Q177R:M178W:A179P:R180V:H181T:A182P:Q183S:F184S:N185T:K186S:G189A:A190H:W191G:E192R:E193K:D194I:Y195T:P197L:Y198T:H199T:H200T:L201*:T202Q:V203C:W204G:T205L:S206A:F207S:G208A:D210T:D212M:D213T:D214T:E215R:T216Q:D217I:H218T:T220R:I221S:V222S:E223R:V224S:I225L:K226R:A227P:V228*:D229T:L230W:E231K:T232R:Y233T:R234A,60.87,1,2614.762318,0,TRUE,205,0
M27L:F73Y:R78A:H79T:I80L:A81R:D82T:F83S:F84S:K85S:S86P:T87P:Q88N:D90M:G91A:Y92T:S93V:Q94R:D95T:R96A:I97S:I98S:S99R:F100S:D101T:N102M:D103T:G104A:Q105S:Y106T:D107T:V108*:A110P:V112*:T113R:Y114M:E115R:N116T:G117V:T118H:L119Y:Y120T:N121T:R122A:V123L:T124P:V125C:K126R:G127A:T128L:G129V:F130S:K131S:S132Q:N133T:G134A:N135T:I136S:L137W:M139C:R140A:V141F:L142C:Y143T:H144T:S145R:P146H:H148T:A149Q:V150S:Y151I:I152S:L153C:P154L:D155T:R156A:K157R:N158M:G159V:G160A:L161*:K162R:I163L:E164S:Y165I:N166T:K167R:A168P:F169L:D170T:V171Y:L172W:G173A:G174A:G175V:H176T:Q177R:M178W:A179P:R180V:H181T:A182P:Q183S:F184S:N185T:K186S:G189A:A190H:W191G:E192R:E193K:D194I:Y195T:P197L:Y198T:H199T:H200T:L201*:T202Q:V203C:W204G:T205L:S206A:F207S:G208A:D210T:D212M:D213T:D214T:E215R:T216Q:D217I:H218T:T220R:I221S:V222S:E223R:V224S:I225L:K226R:A227P:V228*:D229T:L230W:E231K:T232R:Y233T:R234A,81.35,1,2752.406034,0,TRUE,148,0
I31V:K126*,82.68,1,3767.719714,0,FALSE,2,0
N102D:H148Q:A149V,630.04,1,260.3721847,0,FALSE,3,0
K85*:Q94R:S145L:P187L,54.89,1,4092.907233,0,FALSE,4,0
I17F:T36A,1703.37,1,4274.808811,0,FALSE,2,0
R180H:V203A,48.25,1,2612.611404,0,FALSE,2,0
I97V:F100S:G173S:L230M,29.97,1,2977.878204,0,FALSE,4,0
Y16*:R140C:P146L:V203A,27.51,1,1573.505935,0,FALSE,4,0
K12E:Y151C:W204L,35.84,1,273.7995088,0,FALSE,3,0
K12*:N185S:K186M,44.5,1,2547.223893,0,FALSE,3,0
E11*:G37D:L153M:F207S:H218R,158.81,1,3835.024156,0,FALSE,5,0
L20M:I30V:F71S:K85*,32.49,1,4074.431332,0,FALSE,4,0
G69S:K109*:K209*,58.18,1,3500.822881,0,FALSE,3,0
K109*:F184L,34.91,1,3119.625216,0,FALSE,2,0
K45*:S86T:Y92H:N133S,63.48,1,3771.429481,0,FALSE,4,0
G42S:L172M:M178V,26.99,1,2860.7582,0,FALSE,3,0
L20Q:K45*:A179V,32.99,1,2053.572462,0,FALSE,3,0
F100S,74.9,2,2252.184193,579.27,FALSE,1,0.257203652
K131M:Y165C:F207S,36.81,1,1947.218198,0,FALSE,3,0
S86I:E192G,968.2,1,4457.421473,0,FALSE,2,0
W59R,1664.49,1,4586.108989,0,FALSE,1,0
F71C,1773.25,1,357.2058582,0,FALSE,1,0
L3H:D95V:Y198N,55.99,1,207.3409139,0,FALSE,3,0
L3F:P4L:E5K:G6A:A7R:K8S:L9C:F10S:E11K:E13R:I14F:Y16I:I17S:T18P:E19S:L20W:E21R:G22A:D23T:V24*:E25R:G26A:M27*:K28S:F29S:I30S:I31L:K32R:G33A:V34L:G35A:T36L:G37A:D38M:A39P:T40P:T41R:G42A:T43P:I44S:K45R:A46R:K47S:Y48T:I49S:C50A:T51P:T52P:G53A:D54T:L55C:V57C:W59G:A60L:T61P:I62S:L63C:S64H:S65P:L66C:S67R:Y68T:G69A:V70C:C72A:F73S:A74*:K75I:Y76P:R78P:I80C:A81G:D82L:F83L:F84Q:K85V:S86H:T87P:Q88T:P89R:D90W:G91L:Y92Q:Q94G:D95P:R96H:I97H:I98L:S99V:F100R:D101Q:N102*:D103R:G104P:Q105V:Y106R:D107R:V108E:K109S:A110Q:K111S:V112D:T113L:Y114*:N116R:G117Y:L119I:Y120Q:N121P:V123Y:T124R:V125E:K126G:G127H:T128W:G129F:F130Q:K131V:S132K:N133R:G134Q:N135H:I136P:L137G:G138D:M139A:V141F:L142V:Y143P:H144L:S145A:P146T:H148R:A149S:V150L:I152L:L153A:P154*:D155P:R156Q:K157E:N158W:G159W:G160L:L161K:K162D:I163*:E164V:Y165*:N166Q:K167G:A168L:F169*:D170R:V171T:L172G:G173R:G174R:G175S:H176P:Q177D:M178G:A179P:R180S:H181R:A182P:Q183V:F184Q:N185Q:K186A:L188W:G189R:A190M:W191G:E192G:E193R:D194L:Y195P:P197L:Y198P:H199P:H200P:L201D:T202S:W204D:T205Q:S206L:F207R:G208Q:K209R:D210P:P211R:D212*:D213R:D214R:E215D:T216R:D217S:H218P:L219Y:T220D:I221R:V222R:E223G:V224H:I225*:K226G:A227R:V228R:D229L:L230G:E231N:T232V:Y233P:R234L,37.09,1,3068.952023,0,TRUE,215,0
T40P:T118S:F130S:W191*:I225V,33.98,1,4463.456437,0,FALSE,5,0
D23G:F84I:D90V:S93C:N135Y:Y143C:S206R,25.41,1,2473.356833,0,FALSE,7,0
G35D:F207S:R234H,27.69,1,2305.257006,0,FALSE,3,0
Y76C:L201R,37.98,1,4365.585979,0,FALSE,2,0
I17V:G22A:D23T:V24*:E25R:G26A:M27*:K28S:F29S:I30S:I31L:K32R:G33A:V34L:G35A:T36L:G37A:D38M:A39P:T40P:T41R:G42A:T43P:I44S:K45R:A46R:K47S:Y48T:I49S:C50A:T51P:T52P:G53A:D54T:L55C:V57C:W59G:A60L:T61P:I62S:L63C:S64H:S65P:L66C:S67R:Y68T:G69A:V70C:C72A:F73S:A74L:K75N:Y76T:R78A:H79T:I80L:A81R:D82T:F83S:F84S:K85S:S86P:T87P:Q88N:D90M:G91A:Y92T:S93V:Q94R:D95T:R96A:I97S:I98S:S99R:F100S:D101T:N102M:D103T:G104A:Q105S:Y106T:D107T:V108*:A110P:V112*:T113R:Y114M:E115R:N116T:G117V:T118H:L119Y:Y120T:N121T:R122A:V123L:T124P:V125*:K126R:G127A:T128L:G129V:F130S:K131S:S132Q:N133T:G134A:N135T:I136S:L137W:M139C:R140A:V141F:L142C:Y143T:H144T:S145R:P146H:H148T:A149Q:V150S:Y151I:I152S:L153C:P154L:D155T:R156A:K157R:N158M:G159V:G160A:L161*:K162R:I163L:E164S:Y165I:N166T:K167R:A168P:F169L:D170T:V171Y:L172W:G173A:G174A:G175V:H176T:Q177R:M178W:A179P:R180V:H181T:A182P:Q183S:F184S:N185T:K186S:G189A:A190H:W191G:E192R:E193K:D194I:Y195T:P197L:Y198T:H199T:H200T:L201*:T202Q:V203C:W204G:T205L:S206A:F207S:G208A:D210T:D212M:D213T:D214T:E215R:T216Q:D217I:H218T:T220R:I221S:V222S:E223R:V224S:I225L:K226R:A227P:V228*:D229T:L230W:E231K:T232R:Y233T:R234A,47.31,1,3352.251653,0,TRUE,199,0
V24I:Q88H:F100L:Q177L:K209I,29.73,1,2688.656803,0,FALSE,5,0
C72A:F73S:A74Q:K75I:Y76P:R78P:I80C:A81G:D82L:F83L:F84Q:K85V:S86L:T87P:Q88T:P89R:D90W:G91L:Y92Q:Q94G:D95P:R96H:I97H:I98L:S99V:F100R:D101Q:N102*:D103R:G104P:Q105V:Y106R:D107R:V108E:K109S:A110Q:K111S:V112D:T113V:Y114*:N116R:G117Y:L119I:Y120Q:N121P:V123Y:T124R:V125E:K126G:G127H:T128W:G129F:F130Q:K131V:S132K:N133R:G134Q:N135H:I136P:L137G:G138D:M139A:V141F:L142V:Y143P:H144L:S145A:P146T:H148R:A149S:V150L:I152L:L153A:P154*:D155P:R156Q:K157E:N158W:G159W:G160L:L161K:K162D:I163*:E164V:Y165*:N166Q:K167G:A168I:F169*:D170R:V171T:L172G:G173R:G174R:G175S:H176P:Q177D:M178G:A179P:R180S:H181R:A182P:Q183V:F184Q:N185Q:K186A:L188W:G189R:A190M:W191G:E192G:E193R:D194L:Y195P:P197L:Y198P:H199P:H200P:L201D:T202S:W204D:T205*:S206L:F207R:G208Q:K209R:D210P:P211R:D212*:D213R:D214R:E215D:T216R:D217S:H218P:L219Y:T220D:I221R:V222R:E223G:V224H:I225*:K226G:A227R:V228R:D229L:L230G:E231N:T232V:Y233P:R234L,36.39,1,3373.88735,0,TRUE,151,0
T36A:G42D,25.41,1,2538.966329,0,FALSE,2,0
K12N:L55Q,84.39,1,1537.376609,0,FALSE,2,0
W59*:L137P:G173A:G174A:G175V:H176T:Q177R:M178W:A179P:R180V:H181T:A182P:Q183S:F184S:N185T:K186S:G189A:A190H:W191G:E192R:E193K:D194I:Y195T:P197L:Y198T:H199T:H200T:L201*:T202Q:V203C:W204G:T205L:S206A:F207S:G208A:D210T:D212M:D213T:D214T:E215R:T216Q:D217I:H218T:T220R:I221S:V222S:E223R:V224S:I225L:K226R:A227P:V228*:D229T:L230W:E231K:T232R:Y233T:R234A,87.99,1,3973.049658,0,TRUE,58,0
K75R:Y114F:L119P,39.46,1,3006.764281,0,FALSE,3,0
A60D:H218Q,195.29,1,4134.252047,0,FALSE,2,0
L20P:V141A,26.28,1,2735.16894,0,FALSE,2,0
G42D,27.08,1,3239.080105,0,FALSE,1,0
L3F:W59*,71.9,1,3947.24468,0,FALSE,2,0
Y48H:L63P:K131E:I152N:G189D,39.15,1,4056.232789,0,FALSE,5,0
K28*:I62T:R234C,62.49,1,3402.615831,0,FALSE,3,0
F100L:D101T:N102M:D103T:G104A:Q105S:Y106T:D107T:V108*:A110P:V112*:T113R:Y114M:E115R:N116T:G117V:T118H:L119Y:Y120T:N121T:R122A:V123L:T124P:V125*:K126R:G127A:T128L:G129V:F130S:K131S:S132Q:N133T:G134A:N135T:I136S:L137W:M139C:R140A:V141F:L142C:Y143T:H144T:S145R:P146H:H148T:A149Q:V150S:Y151I:I152S:L153C:P154L:D155T:R156A:K157R:N158M:G159V:G160A:L161*:K162R:I163L:E164S:Y165I:N166T:K167R:A168P:F169L:D170T:V171Y:L172W:G173A:G174A:G175V:H176T:Q177R:M178W:A179P:R180V:H181T:A182P:Q183S:F184S:N185T:K186S:G189A:A190H:W191G:E192R:E193K:D194I:Y195T:P197L:Y198T:H199T:H200T:L201*:T202Q:V203C:W204G:T205L:S206A:F207S:G208A:D210T:D212M:D213T:D214T:E215R:T216Q:D217I:H218T:T220R:I221S:V222S:E223R:V224S:I225L:K226R:A227P:V228*:D229T:L230W:E231K:T232R:Y233T:R234A,64.37,1,3951.812541,0,TRUE,125,0
A46P:L188I:E231*,32.73,1,2526.01581,0,FALSE,3,0
W59G:A60L:T61P:I62S:L63C:S64H:S65P:L66C:S67R:Y68T:G69A:V70C:C72A:F73S:A74L:K75N:Y76T:R78A:H79T:I80L:A81R:D82T:F83S:F84S:K85S:S86P:T87P:Q88N:D90M:G91A:Y92T:S93V:Q94R:D95T:R96A:I97S:I98S:S99R:F100S:D101T:N102M:D103T:G104A:Q105S:Y106T:D107T:V108*:A110P:V112*:T113R:Y114M:E115R:N116T:G117V:T118H:L119Y:Y120T:N121T:R122A:V123L:T124P:V125*:K126R:G127A:T128L:G129V:F130S:K131S:S132Q:N133T:G134A:N135T:I136S:L137W:M139C:R140A:V141F:L142C:Y143T:H144T:S145R:P146H:H148T:A149Q:V150S:Y151I:I152S:L153C:P154L:D155T:R156A:K157R:N158M:G159V:G160A:L161*:K162R:I163L:E164S:Y165I:N166T:K167R:A168P:F169L:D170T:V171Y:L172W:G173A:G174A:G175V:H176T:Q177R:M178W:A179P:R180V:H181T:A182P:Q183S:F184S:N185T:K186S:G189E:A190H:W191G:E192R:E193K:D194I:Y195T:P197L:Y198T:H199T:H200T:L201*:T202Q:V203C:W204G:T205L:S206A:F207S:G208A:D210T:D212M:D213T:D214T:E215R:T216Q:D217I:H218T:T220R:I221S:V222S:E223R:V224S:I225L:K226R:A227P:V228*:D229T:L230W:E231K:T232R:Y233T:R234A,42.49,1,4122.487548,0,TRUE,163,0
T36A:G42A:T43P:I44S:K45R:A46R:K47S:Y48T:I49S:C50A:T51P:T52P:G53A:D54T:L55C:V57C:W59G:A60L:T61P:I62S:L63C:S64H:S65P:L66*:S67R:Y68T:G69A:V70C:C72A:F73S:A74*:K75I:Y76P:R78P:I80C:A81G:D82L:F83L:F84Q:K85V:S86H:T87P:Q88T:P89R:D90W:G91L:Y92Q:Q94G:D95P:R96H:I97H:I98L:S99V:F100R:D101Q:N102*:D103R:G104P:Q105V:Y106R:D107R:V108E:K109S:A110Q:K111S:V112D:T113V:Y114*:N116R:G117Y:L119I:Y120Q:N121P:V123Y:T124R:V125E:K126G:G127H:T128*:G129F:F130Q:K131V:S132K:N133R:G134Q:N135H:I136P:L137G:G138D:M139A:V141F:L142V:Y143P:H144L:S145A:P146T:H148R:A149S:V150L:I152L:L153A:P154*:D155P:R156Q:K157E:N158W:G159W:G160L:L161K:K162D:I163*:E164V:Y165*:N166Q:K167G:A168L:F169*:D170R:V171T:L172G:G173R:G174R:G175S:H176P:Q177D:M178G:A179P:R180S:H181R:A182P:Q183V:F184Q:N185Q:K186A:L188W:G189R:A190M:W191G:E192G:E193R:D194L:Y195P:P197L:Y198P:H199P:H200P:L201D:T202S:W204D:T205*:S206L:F207R:G208Q:K209R:D210P:P211R:D212*:D213R:D214R:E215D:T216G:D217S:H218P:L219Y:T220D:I221R:V222R:E223G:V224H:I225*:K226G:A227R:V228R:D229L:L230G:E231N:T232V:Y233P:R234L,141.67,1,4144.141992,0,TRUE,179,0
T2A:E19*:K157E,29.98,1,4368.042495,0,FALSE,3,0
A60L:T61P:I62S:L63C:S64H:S65P:L66C:S67R:Y68T:G69A:V70C:C72A:F73S:A74*:K75I:Y76P:R78P:I80C:A81G:D82L:F83L:F84Q:K85V:S86H:T87P:Q88T:P89R:D90W:G91L:Y92Q:Q94G:D95P:R96H:I97H:I98L:S99V:F100R:D101Q:N102W:D103R:G104A:Q105V:Y106R:D107R:V108E:K109S:A110Q:K111S:V112D:T113V:Y114*:N116R:G117Y:L119I:Y120Q:N121P:V123Y:T124R:V125E:K126G:G127H:T128W:G129F:F130Q:K131V:S132K:N133R:G134Q:N135H:I136P:L137G:G138D:M139A:V141F:L142V:Y143P:H144L:S145A:P146T:H148R:A149S:V150L:I152L:L153A:P154*:D155P:R156Q:K157E:N158W:G159W:G160L:L161K:K162D:I163*:E164V:Y165*:N166Q:K167G:A168L:F169*:D170R:V171T:L172G:G173R:G174R:G175S:H176P:Q177D:M178G:A179P:R180S:H181R:A182P:Q183V:F184Q:N185Q:K186A:L188W:G189R:A190M:W191G:E192G:E193R:D194L:Y195P:P197L:Y198P:H199P:H200P:L201D:T202S:W204D:T205*:S206L:F207R:G208Q:K209R:D210P:P211R:D212*:D213R:D214R:E215D:T216R:D217S:H218P:L219Y:T220D:I221R:V222R:E223G:V224H:I225*:K226G:A227R:V228R:D229L:L230G:E231D:T232V:Y233P:R234L,29.44,1,3263.833857,0,TRUE,162,0
D23A:V24*:E25R:G26A:M27*:K28S:F29S:I30S:I31L:K32R:G33A:V34L:G35A:T36L:G37A:D38M:A39P:T40P:T41R:G42A:T43P:I44S:K45R:A46R:K47S:Y48T:I49S:C50A:T51P:T52P:G53A:D54T:L55C:V57C:W59G:A60L:T61P:I62S:L63C:S64H:S65P:L66C:S67R:Y68T:G69A:V70C:C72A:F73S:A74*:K75I:Y76P:R78P:I80C:A81G:D82L:F83L:F84Q:K85V:S86H:T87P:Q88T:P89R:D90W:G91L:Y92Q:Q94G:D95P:R96H:I97H:I98L:S99V:F100R:D101Q:N102*:D103R:G104P:Q105V:Y106R:D107R:V108E:K109S:A110Q:K111S:V112D:T113V:Y114*:N116R:G117Y:L119I:Y120Q:N121S:V123Y:T124R:V125E:K126G:G127H:T128W:G129F:F130Q:K131V:S132K:N133R:G134Q:N135H:I136P:L137G:G138D:M139A:V141F:L142V:Y143P:H144L:S145A:P146T:H148R:A149S:V150L:I152L:L153A:P154*:D155P:R156Q:K157E:N158W:G159W:G160L:L161K:K162D:I163*:E164V:Y165*:N166Q:K167G:A168L:F169*:D170R:V171T:L172G:G173R:G174R:G175S:H176P:Q177D:M178G:A179P:R180S:H181R:A182P:Q183V:F184Q:N185Q:K186A:L188W:G189R:A190M:W191G:E192G:E193R:D194L:Y195P:P197L:Y198P:H199P:H200P:L201D:T202S:W204D:T205*:S206L:F207R:G208Q:K209R:D210P:P211R:D212*:D213R:D214R:E215D:T216R:D217S:H218P:L219Y:T220D:I221R:V222R:E223G:V224H:I225*:K226G:A227R:V228R:D229L:L230G:E231N:T232V:Y233P:R234L,26.32,1,3333.634566,0,TRUE,197,0
Y151C:H218Y,56.41,1,1865.679421,0,FALSE,2,0
G26S:K32Q:W59G:A60L:T61P:I62S:L63C:S64H:S65P:L66C:S67R:Y68T:G69A:V70C:C72A:F73S:A74*:K75I:Y76P:R78P:I80C:A81G:D82L:F83L:F84Q:K85V:S86H:T87P:Q88T:P89R:D90W:G91L:Y92Q:Q94G:D95P:R96H:I97H:I98L:S99V:F100R:D101Q:N102*:D103R:G104P:Q105V:Y106R:D107R:V108E:K109S:A110Q:K111S:V112D:T113V:Y114*:N116R:G117Y:L119I:Y120Q:N121P:V123Y:T124R:V125E:K126G:G127H:T128W:G129F:F130Q:K131V:S132K:N133R:G134Q:N135H:I136P:L137G:G138D:M139A:V141F:L142V:Y143P:H144L:S145A:P146T:A149S:V150L:I152L:L153A:P154*:D155P:R156Q:K157E:N158W:G159W:G160L:L161K:K162D:I163*:E164V:Y165*:N166Q:K167G:A168L:F169*:D170R:V171T:L172G:G173R:G174R:G175S:H176P:Q177D:M178G:A179P:R180S:H181R:A182P:Q183V:F184Q:N185Q:K186A:L188W:G189R:A190M:W191*:E192G:E193R:D194L:Y195P:P197L:Y198P:H199P:H200P:L201D:T202S:W204D:T205*:S206L:F207R:G208Q:K209R:D210P:P211R:D212R:D213R:D214R:E215D:T216R:D217S:H218P:L219Y:T220D:I221R:V222R:E223G:V224H:I225*:K226G:A227R:V228R:D229L:L230G:E231N:T232V:Y233P:R234L,56.73,1,2701.824032,0,TRUE,164,0
C72*:D101G:G127D:H218N,32.61,1,4044.296708,0,FALSE,4,0
I152N:T202I:F207S:T216S:I221F,35.15,1,3448.183713,0,FALSE,5,0
Y114*:S206R,29.93,1,3038.048037,0,FALSE,2,0
S93I:M178I:H181Y:Y195C:F207Y,25.83,1,1075.280408,0,FALSE,5,0
P4L:E5K:G6A:A7R:K8S:L9C:F10S:E11K:E13R:I14F:Y16I:I17S:T18P:E19S:L20W:E21R:G22A:D23T:V24*:E25R:G26A:M27*:K28S:F29S:I30S:I31L:K32R:G33A:V34L:G35A:T36L:G37A:D38M:A39P:T40P:T41R:G42A:T43P:I44S:K45R:A46R:K47S:Y48T:I49S:C50A:T51P:T52P:G53A:D54T:L55C:V57R:W59G:A60L:T61P:I62S:L63C:S64H:S65P:L66C:S67R:Y68T:G69A:V70C:C72A:F73S:A74*:K75I:Y76P:R78P:I80C:A81G:D82L:F83L:F84Q:K85V:S86H:T87P:Q88T:P89R:D90W:G91L:Y92Q:Q94G:D95P:R96H:I97H:I98L:S99V:F100R:D101Q:N102*:D103R:G104P:Q105V:Y106R:D107R:V108E:K109S:A110Q:K111S:V112D:T113V:Y114*:N116W:G117Y:L119I:Y120Q:N121P:V123Y:T124R:V125E:K126G:G127H:T128W:G129F:F130Q:K131V:S132K:N133R:G134Q:N135H:I136P:L137G:G138D:M139A:V141F:L142V:Y143P:S145A:P146T:A149S:V150L:I152L:L153A:P154*:D155P:R156Q:K157*:N158W:G159W:G160L:L161K:K162D:I163*:E164V:Y165*:N166Q:K167G:A168L:F169*:D170R:V171T:L172G:G173R:G174L:G175T:H176P:Q177D:M178G:A179P:R180S:H181R:A182P:Q183V:F184Q:N185Q:K186A:L188W:G189R:A190M:W191G:E192G:E193R:D194L:Y195P:P197L:Y198P:H199P:H200P:L201D:T202S:W204D:T205*:S206L:F207R:G208Q:K209R:D210P:P211R:D212*:D213R:D214R:E215D:T216R:D217S:H218P:L219Y:T220D:I221R:V222R:E223G:V224H:I225*:K226S:A227R:V228R:D229L:L230G:E231N:T232V:Y233P:R234L,125.2,1,4273.061894,0,TRUE,212,0
D101N:N133D:S145L,28.01,1,57.0011543,0,FALSE,3,0
K32M:F84I:S206G:T216I,27.28,1,76.85966562,0,FALSE,4,0
V57E:S64P:G117D:H144Y,27.44,1,57,0,FALSE,4,0
I14T:R96H:L153*,31.04,1,57,0,FALSE,3,0
A39V:F100L:V123A:K226N,27.42,1,643.7387804,0,FALSE,4,0
A7S:V57G:I62F:S65P:Q177L,31.76,1,57,0,FALSE,5,0
G104D:R156L,33.33,1,678.6975226,0,FALSE,2,0
A39V:H148L:K167*:G173S:P196H,26.13,1,285.1979392,0,FALSE,5,0
W59C,61.85,2,247.1551889,193.41,FALSE,1,0.782544768
K47N:Y92C:G117C,26.06,1,3464.501281,0,FALSE,3,0
F71V:Q105P:Q177L,38.21,1,57,0,FALSE,3,0
F73L:I98F:N185I,31.25,1,990.9717091,0,FALSE,3,0
L137P,65.97,2,57.0046343,0,FALSE,1,0
T52S:M178V:A179V:K186*:L188F:L219I,47.79,1,920.7773665,0,FALSE,6,0
L20R:D217E,32.4,1,3336.351546,0,FALSE,2,0
K209*,89.87,3,1652.971134,980.47,FALSE,1,0.593156154
D23N:M27V:V150D:E215G,28.84,1,57,0,FALSE,4,0
A149E,137.58,1,186.9929142,0,FALSE,1,0
E25G:C50R:H148Y:R180H,43.13,1,57,0,FALSE,4,0
E5G:T36A:F169S,31.53,1,57,0,FALSE,3,0
L20P:Q177L:H200N,41.98,1,83.30951022,0,FALSE,3,0
G33D:R96H,29.66,1,1175.93678,0,FALSE,2,0
K45*:S86P,45.18,1,57,0,FALSE,2,0
G33D:L119Q,34.59,1,3722.896826,0,FALSE,2,0
K47N:Y76S:R78A:H79T:I80L:A81R:D82T:F83S:F84S:K85S:S86P:T87P:Q88N:D90M:G91A:Y92T:S93V:Q94R:D95T:R96A:I97S:I98S:S99R:F100S:D101T:N102M:D103T:G104A:Q105S:Y106T:D107T:V108*:A110P:V112*:T113R:Y114M:E115R:N116T:G117V:T118H:L119Y:Y120T:N121T:R122A:V123L:T124P:V125*:K126R:G127A:T128L:G129V:F130S:K131S:S132Q:N133T:G134A:N135T:I136S:L137W:M139C:R140A:V141F:L142C:Y143T:H144T:S145R:P146H:P147H:H148T:A149Q:V150S:Y151I:I152S:L153C:P154L:D155T:R156A:K157R:N158M:G159V:G160A:L161*:K162R:I163L:E164S:Y165I:N166T:K167R:A168P:F169L:D170T:V171Y:L172W:G173A:G174A:G175V:H176T:Q177R:M178W:A179P:R180V:H181T:A182P:Q183S:F184S:N185T:K186S:G189A:A190H:W191G:E192R:E193K:D194I:Y195T:P197L:Y198T:H199T:H200A:L201*:T202Q:V203C:W204G:T205L:S206A:F207S:G208A:D210T:D212M:D213T:D214T:E215R:T216Q:D217I:H218T:T220R:I221S:V222S:E223R:V224S:I225L:K226R:A227P:V228*:D229T:L230W:E231K:T232R:Y233T:R234A,40.36,1,57,0,TRUE,149,0
T61A:V171A:D213G:D217Y,26.65,1,57,0,FALSE,4,0
L3F:Y92N:W204R,27.34,1,3950.537806,0,FALSE,3,0
K167N,292.38,1,203.4414872,0,FALSE,1,0
A39G:C50*:H144L,83.63,1,2888.3015,0,FALSE,3,0
E11K:I31V:G53D:N121D:M139T:E164A,50.05,1,3057.003583,0,FALSE,6,0
L20M:K45E:F83L:P154T:L230M,26.34,1,57,0,FALSE,5,0
K32M:S99P,32.53,1,57.00000034,0,FALSE,2,0
S65F:D194E:H200R,28.14,1,59.94488226,0,FALSE,3,0
F73Y:G91V:Y114*:R180C:D229V,71.58,1,2410.133967,0,FALSE,5,0
S93N:D101E:D107V:K109E:F169S,55.69,1,830.7449405,0,FALSE,5,0
G69C,33.23,1,57,0,FALSE,1,0
V70M:V123I:H199Y,54.74,1,2195.592376,0,FALSE,3,0
F10S:Q183L,34.34,1,1473.972243,0,FALSE,2,0
K8*:R96S:G159D:N166I,170.76,1,4179.548482,0,FALSE,4,0
S93R:A182P:R234P,32.43,1,2833.125582,0,FALSE,3,0
K28*:A60L:T61P:I62S:L63C:S64H:S65P:L66C:S67R:Y68T:G69A:V70C:C72A:F73S:A74Q:K75I:Y76P:R78P:I80C:A81G:D82L:F83L:F84Q:K85V:S86H:T87P:Q88T:P89R:D90W:G91L:Y92Q:Q94G:D95P:R96H:I97H:I98L:S99V:F100R:D101Q:N102*:D103R:G104P:Q105V:Y106R:D107R:V108E:K109S:A110Q:K111S:V112D:T113V:Y114*:N116R:G117Y:L119I:Y120Q:N121P:V123Y:T124R:V125E:K126G:G127H:T128W:G129F:F130Q:K131V:S132K:N133R:G134Q:N135H:I136P:L137G:G138D:M139A:V141F:L142V:Y143P:H144L:S145A:P146T:H148R:A149S:V150L:I152L:L153A:P154*:D155P:R156Q:K157E:N158W:G159W:G160L:L161K:K162D:I163*:E164V:Y165*:N166Q:K167G:A168L:F169*:D170R:V171T:L172G:G173R:G174R:G175S:H176P:Q177D:M178G:A179P:R180S:H181R:A182P:Q183V:F184Q:N185Q:K186A:L188W:G189R:A190M:W191G:E192G:E193R:D194L:Y195P:P197L:Y198P:H199P:H200P:L201D:T202S:W204D:T205*:S206L:F207R:G208Q:K209R:D210P:P211R:D212*:D213R:D214R:E215D:T216R:D217*:H218P:L219Y:T220D:I221R:V222R:E223G:V224H:I225*:K226G:A227R:V228R:D229L:L230G:E231N:T232V:Y233P:R234L,69.69,1,3862.118119,0,TRUE,163,0
E13*:G42S,82.61,1,3498.576304,0,FALSE,2,0
T41A:V112A:G117S:N158Y,30.29,1,1090.943548,0,FALSE,4,0
T43I:V70M:D103Y:K111N:N121Y:G138V:D210Y,29.61,1,875.9877555,0,FALSE,7,0
K32R:K45*,96.27,1,3132.205895,0,FALSE,2,0
T18A:G33S:T41R:G42A:T43P:I44S:K45R:A46R:K47S:Y48T:I49S:C50A:T51P:T52P:G53A:D54T:L55C:V57C:W59G:A60L:T61P:I62S:L63C:S64H:S65P:L66C:S67R:Y68T:G69A:V70C:C72A:F73S:A74*:K75I:Y76P:R78P:I80C:A81G:D82L:F83L:F84Q:K85V:S86H:T87P:Q88T:P89R:D90W:G91L:Y92Q:Q94G:D95P:R96H:I97H:I98L:S99V:F100R:D101P:N102*:D103R:G104P:Q105V:Y106R:D107R:V108E:K109G:A110Q:K111S:V112D:T113V:Y114*:N116R:G117Y:L119I:Y120Q:N121P:V123Y:T124R:V125E:K126G:G127H:T128W:G129F:F130Q:K131V:S132K:N133R:G134Q:N135P:I136P:L137G:G138D:M139A:V141F:L142V:Y143P:H144L:S145A:P146T:H148R:A149S:V150L:I152L:L153A:P154*:D155P:R156Q:K157E:N158W:G159W:G160L:L161K:K162D:I163*:E164V:Y165*:N166Q:K167G:A168L:F169*:D170R:V171T:L172G:G173R:G174R:G175S:H176P:Q177D:M178G:A179P:R180S:H181R:A182P:Q183V:F184Q:N185Q:K186A:L188W:G189R:A190M:W191G:E192G:E193R:D194L:Y195P:P197L:Y198P:H199P:H200P:L201D:T202S:W204D:T205*:S206L:F207R:G208Q:K209R:D210P:P211R:D212*:D213R:D214R:E215D:T216R:D217S:H218P:L219Y:T220D:I221R:V222R:E223G:V224H:I225*:K226G:A227R:V228R:D229L:L230G:E231N:T232V:Y233P:R234L,57.99,1,3632.554923,0,TRUE,181,0
I80F:D95Y:K162E,36.22,1,57,0,FALSE,3,0
E21G:G160D,38.07,1,57,0,FALSE,2,0
T18A:F83I:T113M:D229V,37.95,1,57,0,FALSE,4,0
I30N:K75N:Y76T:R78A:H79T:I80L:A81R:D82T:F83S:F84S:K85S:S86P:T87P:Q88N:D90M:G91A:Y92T:S93V:Q94R:D95T:R96A:I97S:I98S:S99R:F100S:D101T:N102M:D103T:G104A:Q105S:Y106T:D107T:V108*:A110P:V112*:T113R:Y114M:E115R:N116T:G117V:T118H:L119Y:Y120T:N121T:R122A:V123L:T124P:V125*:K126R:G127A:T128L:G129V:F130S:K131V:S132K:N133R:G134Q:N135H:I136P:L137G:G138D:M139A:V141F:L142V:Y143P:H144L:S145A:P146T:H148R:A149S:V150L:I152L:L153A:P154*:D155P:R156Q:K157E:N158W:G159W:G160L:L161K:K162D:I163*:E164V:Y165*:N166Q:K167G:A168L:F169*:D170R:V171T:L172G:G173R:G174R:G175S:H176P:Q177D:M178G:A179P:R180S:H181R:A182P:Q183V:F184Q:N185Q:K186A:L188W:G189R:A190M:W191G:E192G:E193R:D194L:Y195P:P197L:Y198P:H199P:H200P:L201D:T202S:W204D:T205*:S206L:F207R:G208Q:K209R:D210P:P211R:D212*:D213R:D214R:E215D:T216R:D217S:H218P:L219Y:T220D:I221R:V222R:E223G:V224H:I225*:K226G:A227R:V228R:D229L:L230G:E231N:T232V:Y233P:R234L,42.88,1,57,0,TRUE,151,0
T41M:C72S:L201P,32.85,1,57,0,FALSE,3,0
K85M:T87P:Q88N:D90M:G91A:Y92T:S93V:Q94R:D95T:R96A:I97S:I98S:S99R:F100S:D101T:N102M:D103T:G104A:Q105S:Y106T:D107T:V108*:A110S:V112*:T113R:Y114M:E115R:N116T:G117V:T118H:L119Y:Y120T:N121T:R122A:V123L:T124P:V125*:K126R:G127A:T128L:G129V:F130S:K131S:S132Q:N133T:G134A:N135T:I136S:L137W:M139C:R140A:V141F:L142C:Y143T:H144T:S145R:P146H:H148T:A149Q:V150S:Y151I:I152S:L153C:P154L:D155T:R156A:K157R:N158M:G159V:G160A:L161*:K162R:I163L:E164S:Y165I:N166T:K167R:A168P:F169L:D170T:V171Y:L172W:G173A:G174A:G175V:H176T:Q177R:M178W:A179P:R180V:H181T:A182P:Q183S:F184S:N185T:K186S:G189A:A190H:W191G:E192R:E193K:D194I:Y195T:P197L:Y198T:H199T:H200T:L201*:T202Q:V203C:W204G:T205L:S206A:F207S:G208A:D210T:D212M:D213T:D214T:E215R:T216Q:D217I:H218T:T220R:I221S:V222S:E223R:V224S:I225L:K226R:A227P:V228*:D229T:L230W:E231K:T232R:Y233T:R234A,38.78,1,532.2492589,0,TRUE,138,0
K12*:E231G,168.83,1,3521.321769,0,FALSE,2,0
V57A:P154A:L172Q:T205A,34.08,1,2530.532593,0,FALSE,4,0
F71I:K85N:P89A:V125M:N185K,30.13,1,57.00141223,0,FALSE,5,0
G117D:Q183*,55.7,1,3902.29309,0,FALSE,2,0
G37C,42.87,1,57,0,FALSE,1,0
C72R,46.33,1,2640.199764,0,FALSE,1,0
E19D:M27T:I30L:Q94R:D170E:M178K:R180Q:V228A,25.1,1,2983.15664,0,FALSE,8,0
E13D:I14V:I98N:L161S:G173A,27.27,1,2028.7758,0,FALSE,5,0
F73L:A74L:K75N:Y76T:R78A:H79T:I80S:A81R:D82T:F83S:F84S:K85S:S86P:T87P:Q88N:D90M:G91A:Y92T:S93V:Q94R:D95T:R96G:I97S:I98S:S99R:F100S:D101T:N102M:D103T:G104A:Q105S:Y106T:D107T:V108*:A110P:V112*:T113R:Y114M:E115R:N116T:G117V:T118H:L119Y:Y120T:N121T:R122A:V123L:T124P:V125*:K126R:G127A:T128L:G129V:F130S:K131S:S132Q:N133T:G134A:N135T:I136S:L137W:M139C:R140A:V141F:L142C:Y143T:H144T:S145R:P146H:H148T:A149Q:V150S:Y151I:I152S:L153C:P154L:D155T:R156A:K157R:N158M:G159V:G160A:L161*:K162R:I163L:E164S:Y165I:N166T:K167R:A168P:F169L:D170T:V171Y:L172W:G173A:G174A:G175V:H176T:Q177R:M178W:A179P:R180V:H181T:A182P:Q183S:F184S:N185T:K186S:G189A:A190H:W191G:E192R:E193K:D194I:Y195T:P197L:Y198T:H199T:H200T:L201*:T202Q:V203C:W204G:T205L:S206A:F207S:G208A:D210T:D212M:D213T:D214T:E215R:T216Q:D217I:H218T:T220R:I221S:V222S:E223R:V224S:I225L:K226R:A227P:V228*:D229T:L230W:E231K:T232R:Y233T:R234A,77.65,1,4058.717778,0,TRUE,150,0
P77T:L230S,113.38,1,1121.356091,0,FALSE,2,0
S64L:V125L:T128A:N135D:N185S,27.99,1,57,0,FALSE,5,0
Y92N:D107Y:P146A:T202S,29.34,1,1001.293366,0,FALSE,4,0
N121D:H218Y,35.17,1,421.5960342,0,FALSE,2,0
L188P,28.98,1,171.6270753,0,FALSE,1,0
E13G:L142C:Y143T:H144T:S145R:P146H:H148T:A149Q:V150S:Y151I:I152S:L153C:P154L:D155T:R156A:K157R:N158M:G159V:G160A:L161*:K162R:I163L:E164S:Y165I:N166T:K167R:A168P:F169L:D170T:V171Y:L172W:G173A:G174A:G175V:H176T:Q177R:M178W:A179P:R180V:H181T:A182P:Q183S:F184S:N185T:K186S:G189A:A190H:W191G:E192R:E193K:D194I:Y195T:P197L:Y198T:H199T:H200T:L201*:T202Q:V203C:W204G:T205L:S206A:F207S:G208A:D210T:D212M:D213T:D214T:E215R:T216Q:D217I:H218T:T220R:I221S:V222S:E223R:V224S:I225L:K226R:A227P:V228*:D229T:L230W:E231K:T232R:Y233T:R234A,103.9,1,3754.946186,0,TRUE,87,0
C50Y:L188V,28.11,1,1931.639413,0,FALSE,2,0
L55R:K111I:T202A,41.31,1,57,0,FALSE,3,0
A149T:H181R:D212Y:D217N,25.47,1,473.7789543,0,FALSE,4,0
T118A:V150D:G208D,29.73,1,57,0,FALSE,3,0
G91D:F100L:F207L,27.41,1,57,0,FALSE,3,0
T51I:Y106F:K131*:H199Y,157.31,1,2999.050754,0,FALSE,4,0
K28E:C50R:A227D,26.99,1,57,0,FALSE,3,0
T41M:C50G:G53S:K109N:L230V,43.39,1,1769.390861,0,FALSE,5,0
Y106N:T128A:S145C:P146H:H148T:A149Q:V150S:Y151I:I152S:L153C:P154L:D155T:R156A:K157R:N158M:G159V:G160A:L161*:K162R:I163L:E164S:Y165I:N166T:K167R:A168P:F169L:D170T:V171Y:L172W:G173A:G174A:G175V:H176T:Q177R:M178W:A179P:R180V:H181T:A182P:Q183S:F184S:N185T:K186S:G189A:A190H:W191G:E192R:E193K:D194I:Y195T:P197L:Y198T:H199T:H200T:L201*:T202Q:V203C:W204G:T205L:S206A:F207S:G208A:D210T:D212M:D213T:D214T:E215R:T216Q:D217I:H218T:T220R:I221S:V222S:E223R:V224S:I225L:K226R:A227P:V228*:D229T:L230W:E231K:T232R:Y233T:R234A,28.75,1,57.00000006,0,TRUE,85,0
V57E:Y114H:K157N,28.84,1,1563.513272,0,FALSE,3,0
I30V:T51A:Y92C:K131*:L172P,122.38,1,3769.806583,0,FALSE,5,0
I49V:G69S:M178V:I225F,40.01,1,650.2728384,0,FALSE,4,0
G6D:R78A:H79T:I80L:A81R:D82T:F83S:F84S:K85S:S86P:T87P:Q88N:D90M:G91A:Y92T:S93V:Q94R:D95T:R96A:I97S:I98S:S99R:F100S:D101T:N102M:D103T:G104A:Q105S:Y106T:D107T:V108*:A110P:V112*:T113R:Y114M:E115R:N116T:G117V:T118H:L119Y:Y120T:N121T:R122A:V123L:T124P:V125*:K126R:G127A:T128L:G129V:F130S:K131S:S132Q:N133T:G134A:N135T:I136S:L137W:M139C:R140A:V141F:L142C:Y143T:H144T:S145R:P146H:H148T:A149Q:V150S:Y151I:I152S:L153C:P154L:D155T:R156A:K157G:N158M:G159V:G160A:L161*:K162R:I163L:E164S:Y165I:N166T:K167R:A168P:F169L:D170T:V171Y:L172W:G173A:G174A:G175V:H176T:Q177R:M178W:A179P:R180V:H181T:A182P:Q183S:F184S:N185T:K186S:G189A:A190H:W191G:E192R:E193K:D194I:Y195T:P197L:Y198T:H199T:H200T:L201*:T202Q:V203C:W204G:T205L:S206A:F207S:G208A:D210T:D212M:D213T:D214T:E215R:T216Q:D217I:H218T:T220R:I221S:V222S:E223G:V224S:I225L:K226R:A227P:V228*:D229T:L230*:E231K:T232R:Y233T:R234A,34.95,1,1422.329325,0,TRUE,147,0
A74D:F100I:V224A,26.55,1,2991.674065,0,FALSE,3,0
E11D:F84Y:G91S,26.56,1,57,0,FALSE,3,0
I17N:D103V:A149T,26.86,1,625.4069326,0,FALSE,3,0
K45T:W59C:K75E:F100V:V123A:V203M:L219H,45.07,1,57.00002157,0,FALSE,7,0
G42D:P89L:D95G,47.45,1,2584.719615,0,FALSE,3,0
K45M:C72R:K75R:K226R:A227P:V228*:D229T:L230W:E231K:T232R:Y233T:R234A,29.69,1,57.00554712,0,TRUE,12,0
I44N:M178T,47.76,1,57,0,FALSE,2,0
G22D:G42D:K45R:C50F:F130S:L137P,32.61,1,57,0,FALSE,6,0
R78A:H79T:I80L:A81R:D82T:F83S:F84S:K85S:S86P:T87P:Q88N:D90M:G91A:Y92T:S93A:Q94R:D95T:R96A:I97S:I98S:S99R:F100S:D101T:N102M:D103T:G104A:Q105S:Y106T:D107T:V108*:A110P:V112*:T113R:Y114M:E115R:N116T:G117V:T118H:L119Y:Y120T:N121T:R122A:V123L:T124P:V125*:K126R:G127A:T128L:G129V:F130S:K131S:S132Q:N133T:G134A:N135T:I136S:L137W:M139C:R140A:V141F:L142C:Y143T:H144T:S145R:P146H:H148T:A149Q:V150S:Y151I:I152S:L153C:P154L:D155T:R156A:K157R:N158M:G159V:G160A:L161*:K162R:I163L:E164S:Y165I:N166T:K167R:A168P:F169L:D170T:V171Y:L172W:G173A:G174A:G175V:H176T:Q177R:M178W:A179P:R180V:H181T:A182P:Q183S:F184S:N185T:K186S:G189A:A190H:W191E:E192R:E193K:D194I:Y195T:P197L:Y198T:H199T:H200T:L201*:T202Q:V203C:W204G:T205L:S206A:F207S:G208A:D210T:D212M:D213T:D214T:E215R:T216Q:D217I:H218T:T220R:I221S:V222S:E223R:V224S:I225L:K226R:A227P:V228*:D229T:L230W:E231K:T232R:Y233T:R234A,29.23,1,1779.952224,0,TRUE,146,0
F84Y:Y106*:P196S:T216A,94.64,1,3390.567281,0,FALSE,4,0
L20P:D170G,36.32,1,57,0,FALSE,2,0
G42D:V57A,29.32,1,57,0,FALSE,2,0
H144R:G173C:H199Y,25.76,1,57,0,FALSE,3,0
T118A:G127A:T128L:G129V:F130S:K131S:S132Q:N133T:G134A:N135T:I136S:L137W:M139C:R140A:V141F:L142C:Y143T:H144S:S145R:P146H:H148T:A149Q:V150S:Y151I:I152S:L153C:P154L:D155T:R156A:K157R:N158M:G159V:G160A:L161*:K162R:I163L:E164S:Y165I:N166T:K167R:A168P:F169L:D170T:V171Y:L172W:G173A:G174A:G175V:H176T:Q177R:M178W:A179P:R180V:H181T:A182P:Q183S:F184S:N185T:K186S:G189A:A190H:W191G:E192R:E193K:D194I:Y195T:P197L:Y198T:H199T:H200T:L201*:T202Q:V203C:W204G:T205L:S206A:F207S:G208A:D210T:D212M:D213T:D214T:E215R:T216Q:D217I:H218T:L219*:T220R:I221S:V222S:E223R:V224S:I225L:K226R:A227P:V228*:D229T:L230W:E231K:T232R:Y233T:R234A,26.64,1,3814.985851,0,TRUE,102,0
A39P:V125A:G174S:F207V,26.12,1,487.0750696,0,FALSE,4,0
S132P:M139C:R140A:V141F:L142C:Y143T:H144T:S145R:P146H:H148T:A149Q:V150S:Y151V:I152S:L153C:P154L:D155T:R156A:K157R:N158M:G159V:G160A:L161*:K162R:I163L:E164S:Y165I:N166T:K167R:A168P:F169L:D170T:V171Y:L172W:G173A:G174A:G175V:H176T:Q177R:M178W:A179P:R180V:H181T:A182P:Q183S:F184S:N185T:K186S:G189A:A190H:W191G:E192R:E193K:D194I:Y195T:P197L:Y198T:H199T:H200T:L201W:T202Q:V203C:W204G:T205L:S206A:F207S:G208A:D210T:D212M:D213T:D214T:E215R:T216Q:D217N:H218T:T220R:I221S:V222S:E223R:V224S:I225L:K226R:A227P:V228*:D229T:L230W:E231K:T232R:Y233T:R234A,39.66,1,57,0,TRUE,90,0
Y114*:Y120N:K131E,45.4,1,57,0,FALSE,3,0
G6D:K45M:K47R:G69D:R96H:N135D,29.84,1,459.2698815,0,FALSE,6,0
Y48C:V57M:C72A:F73S:A74*:K75I:Y76P:R78P:I80C:A81G:D82L:F83L:F84Q:K85V:S86H:T87P:Q88T:P89R:D90W:G91P:Y92Q:Q94G:D95P:R96H:I97H:I98L:S99V:F100R:D101Q:N102*:D103R:G104P:Q105V:Y106R:D107R:V108E:K109S:A110Q:K111S:V112D:T113V:Y114*:N116R:G117Y:L119I:Y120Q:N121P:V123Y:T124R:V125E:K126G:G127H:T128W:G129F:F130R:K131V:S132K:N133R:G134Q:N135H:I136P:L137G:G138D:M139A:V141F:L142V:Y143P:H144L:S145A:P146T:H148R:A149S:V150L:I152L:L153A:P154*:D155P:R156Q:K157E:N158W:G159W:G160L:L161K:K162D:I163*:E164V:Y165*:N166Q:K167G:A168L:F169*:D170R:V171T:L172G:G173Q:G174R:G175S:H176P:Q177D:M178G:A179P:R180S:H181R:A182P:Q183V:F184Q:N185Q:K186A:L188W:G189R:A190M:W191G:E192G:E193R:D194L:Y195P:P197L:Y198P:H199P:H200P:L201D:T202S:W204D:T205*:S206L:F207R:G208Q:K209R:D210P:P211R:D212*:D213R:D214R:E215D:T216R:D217S:H218P:L219Y:T220D:I221R:V222R:E223G:V224H:I225*:K226G:A227R:V228R:D229L:L230G:E231N:T232V:Y233P:R234L,61.1,1,3426.403327,0,TRUE,153,0
V57M:G117D:R156S:A182T:L230*,32.38,1,57.00287331,0,FALSE,5,0
K75N:Y76T:R78A:H79T:I80L:A81R:D82T:F83S:F84S:K85S:S86P:T87P:Q88N:D90M:G91A:Y92T:S93V:Q94R:D95T:R96A:I97S:I98S:S99R:F100S:D101T:N102M:D103T:G104A:Q105S:Y106T:D107T:V108*:A110P:V112*:T113R:Y114M:E115R:N116T:G117V:T118H:L119Y:Y120T:N121T:R122A:V123L:T124P:V125*:K126R:G127A:T128L:G129V:F130S:K131S:S132Q:N133T:G134A:N135T:I136S:L137W:M139C:R140A:V141F:L142C:Y143T:H144T:S145R:P146H:H148T:A149Q:V150S:Y151I:I152S:L153C:P154L:D155T:R156A:K157R:N158M:G159V:G160A:L161*:K162R:I163L:E164S:Y165I:N166T:K167R:A168P:F169L:D170T:V171Y:L172W:G173A:G174A:G175V:H176T:Q177R:M178W:A179P:R180V:H181T:A182P:Q183S:F184S:N185T:K186S:G189A:A190H:W191G:E192R:E193K:D194I:Y195T:P197L:Y198T:H199T:H200T:L201*:T202Q:V203C:W204G:T205L:S206A:F207S:G208A:D210T:D212M:D213T:D214T:E215R:T216H:D217I:H218T:T220R:I221S:V222S:E223R:V224S:I225L:K226R:A227P:V228*:D229T:L230W:E231K:T232R:Y233T:R234A,29.29,1,57,0,TRUE,148,0
H181Q:H199Q,28.52,1,3287.246661,0,FALSE,2,0
F29L:R96S:N102D:K162E:R180C,42.81,1,57,0,FALSE,5,0
I44N:F84L,36.11,1,310.3838241,0,FALSE,2,0
I44T:V70M:Q88R:D212G,36.68,1,2149.060461,0,FALSE,4,0
E11K:L55M:K111*,60.43,1,2510.922518,0,FALSE,3,0
E21D:K32R:G33A:V34L:G35A:T36L:G37A:D38M:A39P:T40P:T41R:G42A:T43P:I44S:K45R:A46R:K47S:Y48T:I49S:C50A:T51P:T52P:G53A:D54T:L55C:V57C:W59G:A60L:T61P:I62S:L63C:S64H:S65P:L66C:S67R:Y68T:G69A:V70C:C72A:F73S:A74Q:K75I:Y76P:R78P:I80C:A81G:D82L:F83L:F84Q:K85V:S86H:T87P:Q88T:P89R:D90W:G91L:Y92Q:S93P:Q94G:D95P:R96H:I97H:I98L:S99V:F100R:D101Q:N102*:D103R:G104P:Q105V:Y106R:D107R:V108E:K109S:A110Q:K111S:V112D:T113V:Y114*:N116R:G117Y:L119I:Y120Q:N121P:V123Y:T124R:V125E:K126G:G127H:T128W:G129F:F130Q:K131V:S132K:N133R:G134Q:N135H:I136P:L137G:G138D:M139A:V141F:L142V:Y143P:H144L:S145A:P146T:H148R:A149S:V150L:I152L:L153A:P154*:D155P:R156Q:K157E:N158W:G159W:G160L:L161K:K162D:I163*:E164V:Y165*:N166Q:K167G:A168L:F169*:D170R:V171T:L172G:G173R:G174R:G175S:H176P:Q177D:M178G:A179L:R180S:H181R:A182P:Q183V:F184Q:N185Q:K186A:L188W:G189R:A190M:W191G:E192G:E193R:D194L:Y195P:P197L:Y198P:H199P:H200P:L201D:T202S:W204D:T205*:S206L:F207R:G208Q:K209R:D210P:P211R:D212*:D213R:D214R:E215D:T216R:D217S:H218P:L219Y:T220D:I221R:V222R:E223G:V224H:I225*:K226G:A227R:V228R:D229L:L230G:E231N:T232V:Y233P:R234L,65.23,1,2590.094394,0,TRUE,190,0
I44F:Q94R:K109R:K111R,25.18,1,57.0000007,0,FALSE,4,0
D23G:R140C:I225T,34.33,1,57,0,FALSE,3,0
A7E:F73Y:G91D:F169L,28.27,1,2101.031737,0,FALSE,4,0
K47R:V112A:I136L:I163F,29.81,1,57,0,FALSE,4,0
G127A:W191*,36.65,1,3853.057628,0,FALSE,2,0
I62V:V70M:K109*:V228I,39.4,1,57,0,FALSE,4,0
K45R:Q177K,101.9,1,205.1258727,0,FALSE,2,0
G134V,42.16,1,108.7628492,0,FALSE,1,0
K28*:G53D:V57M:H148Y,32.5,1,57,0,FALSE,4,0
I30V:L63Q,234.02,1,185.6824647,0,FALSE,2,0
S99T:K131*:E215K,83.85,1,3254.196851,0,FALSE,3,0
K28R:K47M:D54Y:G127D:D213E,49.14,1,3731.752497,0,FALSE,5,0
L63P,32.82,1,57,0,FALSE,1,0
Y92*:V203L,32.23,1,57.00038839,0,FALSE,2,0
I44F:T51A:G69D,25.87,1,57,0,FALSE,3,0
E19G:G42V:N116K,43.65,1,2772.903247,0,FALSE,3,0
W59L:Q94K:D107E:K111E,27.82,1,3386.294574,0,FALSE,4,0
T36N:K47M:Q94R,29.91,1,239.312039,0,FALSE,3,0
P77R:D103A,31.93,1,57,0,FALSE,2,0
L9P:K45M:A74V:D95G:L161S,37.48,1,57,0,FALSE,5,0
I62V:T205I,32.93,1,1267.270976,0,FALSE,2,0
Q88R:P211A,28.14,1,57,0,FALSE,2,0
F130S:K131E:L172V:T216S,25.23,1,4628.629659,0,FALSE,4,0
V141A:S145*:L188P:D217E,29.27,1,574.5437076,0,FALSE,4,0
Y106H:F169S,29.43,1,57,0,FALSE,2,0
I97V:A110T:F130I:V171I,28.63,1,57.00759097,0,FALSE,4,0
T51S:K157E:N158S:Y198C,840.74,1,240.8060642,0,FALSE,4,0
A60T:E115K:W191C,30.32,1,1034.018623,0,FALSE,3,0
V24E:I30V:P146Q:V171A,27.23,1,3469.177815,0,FALSE,4,0
E5G:H181R:W191L,28.27,1,57,0,FALSE,3,0
K28R:D107G:L137P:M139R:H176Q,40.98,1,57,0,FALSE,5,0
L55Q:A74T:Q88*:K111E:K167R:L172P,35.82,1,57,0,FALSE,6,0
T52A:I98T:L137V:G174D:K226R,27.66,1,1485.027613,0,FALSE,5,0
T36A:S86P:V228I,28.31,1,295.6894741,0,FALSE,3,0
E21G:K28*:W59R:Y106H:N116K:H144Q:L230M,181.03,1,3005.481853,0,FALSE,7,0
F10L:Y48*:P89L:D90N:S93R:Q105*:V125A:K162*:Q183H:F184N:N185K:K186P:P187L:L188G:G189A:A190W:W191E:E193D:D194Y:Y195P:P197Y:Y198H:H200L:L201T:T202V:V203W:W204T:T205S:S206F:F207G:G208K:K209D:D210P:P211D:D213E:D214T:E215D:T216H:D217L:H218T:L219I:T220V:I221E:E223I:V224K:I225A:K226V:A227D:V228L:D229E:L230T:E231Y:T232R:Y233*,258.14,1,3675.525038,0,TRUE,54,0
K75*,33.98,1,451.7881909,0,FALSE,1,0
S64T:Y68N:F100Y:T113S:D217E:K226R:A227P:V228*:D229T:L230W:E231K:T232R:Y233T:R234A,34,1,57,0,TRUE,14,0
F10I:K12E:Y198H,35.58,1,1797.512517,0,FALSE,3,0
K28E:K85E:D107E,92.87,1,2164.226228,0,FALSE,3,0
G37C:G174C,66.7,1,2739.108668,0,FALSE,2,0
A60V:S145*:Q183*,26.28,1,57.00330589,0,FALSE,3,0
Y92*:H144Y:L230F,33.75,1,144.3847901,0,FALSE,3,0
G37V:G129S:A168V,30.65,1,57,0,FALSE,3,0
A39V:N135S,31.69,1,376.1552093,0,FALSE,2,0
A74P,29.07,1,2228.232319,0,FALSE,1,0
D82G:S93R:G173C,52.9,1,4096.529491,0,FALSE,3,0
L63P:F207L,27.52,1,57,0,FALSE,2,0
T36A:G42S:T118I,64.18,1,3167.787447,0,FALSE,3,0
L172P:M178T:P211T,182.36,1,3084.251235,0,FALSE,3,0
I14V:S67P,41.2,1,1795.940956,0,FALSE,2,0
F100L:N121S,27.61,1,372.1181472,0,FALSE,2,0
M27V:V34I:S64L,31.39,1,57.01084576,0,FALSE,3,0
E21V:M27I:M139I:R156H:P187H,25.31,1,57.00004456,0,FALSE,5,0
G37C:D82Y:S86Y,61.36,1,1607.844319,0,FALSE,3,0
T2A:L3P:P4T:I17V:V34E:T40A:K75Q:L161M:K162*:D170E:L172M:P197L:P211S:D214G,31.71,1,3127.222438,0,FALSE,14,0
V57A:Y76*:R140C,80.23,1,3529.925962,0,FALSE,3,0
I14T:P56S:Y165C:L230S,35.98,1,57,0,FALSE,4,0
T40A:T43A:F130Y:K186N,30.22,1,57,0,FALSE,4,0
C50R:K126*,98.56,1,2157.79929,0,FALSE,2,0
I98T:A149S:Y198N,33.41,1,57.0073589,0,FALSE,3,0
L20Q:T232P,26.6,1,2597.522787,0,FALSE,2,0
G42S:P58L:Q177H,26.43,1,454.7874818,0,FALSE,3,0
G33C:Q105S:Y106T:D107T:V108*:A110P:V112*:T113R:Y114M:E115R:N116T:G117V:T118H:L119Y:Y120T:N121T:R122A:V123L:T124P:V125*:K126R:G127A:T128L:G129V:F130S:K131S:S132Q:N133T:G134A:N135T:I136S:L137W:M139C:R140A:V141F:L142C:Y143T:H144T:S145R:P146H:H148T:A149Q:V150S:Y151I:I152S:L153C:P154L:D155T:R156A:K157R:N158M:G159V:G160A:L161*:K162R:I163L:E164S:Y165I:N166T:K167R:A168P:F169L:D170T:V171Y:L172W:G173A:G174A:G175V:H176T:Q177R:M178W:A179P:R180V:H181T:A182P:Q183S:F184S:N185T:K186S:G189A:A190H:W191G:E192R:E193K:D194I:Y195T:P197L:Y198T:H199T:H200T:L201*:T202Q:V203C:W204G:T205L:S206A:F207S:G208A:D210T:D212M:D213T:D214T:E215R:T216Q:D217I:H218T:T220R:I221S:V222S:E223R:V224S:I225L:K226R:A227P:V228*:D229T:L230W:E231K:T232R:Y233T:R234A,50.1,1,57,0,TRUE,121,0
T2I:V34I:L63Q,183.68,1,160.9733647,0,FALSE,3,0
G69D:T128S:K209R:D210V,32.96,1,57,0,FALSE,4,0
T61A:T87A:A190E:Y233C,32.57,1,57,0,FALSE,4,0
E21G:C72R:F184L:N185I,1529.03,1,390.7427324,0,FALSE,4,0
D54Y:W59*:N135D:H144S:D170G,97.39,1,2026.520763,0,FALSE,5,0
G37S:D107A,47.28,1,3500.751985,0,FALSE,2,0
K111E:E223R:V224S:I225L:K226R:A227Q:V228*:D229T:L230W:E231K:T232R:Y233T:R234A,26.47,1,57,0,TRUE,13,0
F83L:I97T:I98S:*235R,27.59,1,218.6913161,0,FALSE,4,0
Y165*,60.37,1,2717.419383,0,FALSE,1,0
T36S:G104R:N135D:A179V:V228A,35.5,1,57.00000005,0,FALSE,5,0
A74T:K111I:K186*:D210Y:K226Y,36.99,1,2190.842581,0,FALSE,5,0
G22D:D82E,25.29,1,57,0,FALSE,2,0
G42C:I221N,37.17,1,1427.483209,0,FALSE,2,0
K12N:W59G:L172V:G174D:V228I,35.13,1,57,0,FALSE,5,0
T61I:F73Y:V222D:T232K,41.51,1,57,0,FALSE,4,0
T18A:A46P:L161Y:F169S,25.62,1,57,0,FALSE,4,0
F83I:S86P:K186T:W204L,41.56,1,2593.619372,0,FALSE,4,0
G42S:G53S:P56S:G69C,29.28,1,57,0,FALSE,4,0
T2A:L3P:P4T:I17V:V34E:D38V:T40A:K75Q:Y106H:A110V:L161M:D170E:L172M:P197L:D214G,27.75,1,57,0,FALSE,15,0
D23G:I44T:A81S:N135S:G160D,26.49,1,57,0,FALSE,5,0
S99*:H148Y,58.84,1,57,0,FALSE,2,0
R78H:I98N:S99T:D101G:Y165C:L188I,60.96,1,1922.800825,0,FALSE,6,0
E21G:G22R:D23R:V24R:E25G:G26H:M27E:K28V:F29H:I30H:I31*:K32G:G33R:V34W:G35H:T36W:G37R:D38C:A39H:T40H:T41G:G42H:T43H:I44Q:K45G:A46E:K47V:Y48H:I49L:C50H:T51H:T52R:G53R:D54P:L55A:P56R:V57A:P58L:W59G:A60Y:T61H:I62P:L63V:S64I:S65P:L66V:S67V:Y68R:G69R:F71L:C72L:F73R:A74K:K75Y:Y76P:P77R:R78H:H79I:I80A:A81D:D82F:F84K:K85S:S86T:T87Q:Q88P:P89D:D90G:G91Y:Y92S:S93Q:Q94D:D95R:R96I:I98S:S99F:F100D:D101N:N102D:D103G:G104Q:Q105Y:Y106D:D107V:V108K:K109A:A110K:K111V:V112T:T113Y:Y114E:E115N:N116G:G117T:T118L:L119Y:Y120N:N121R:R122V:V123T:T124V:V125K:K126G:G127T:T128G:G129F:F130K:K131S:S132N:N133G:G134N:N135I:I136L:L137G:G138M:M139R:R140V:V141L:L142Y:Y143H:H144S:S145P:P147H:H148A:A149V:V150Y:Y151I:I152L:L153P:P154D:D155R:R156K:K157N:N158G:G160L:L161K:K162I:I163E:E164Y:Y165N:N166K:K167A:A168F:F169D:D170V:V171L:L172G:G175H:H176Q:Q177M:M178A:A179R:R180H:H181A:A182Q:Q183F:F184N:N185K:K186P:P187L:L188G:G189A:A190W:W191E:E193D:D194Y:Y195P:P197Y:Y198H:H200L:L201T:T202V:V203W:W204T:T205S:S206F:F207G:G208K:K209D:D210P:P211D:D214E:E215T:T216D:D217H:H218L:L219T:T220I:I221V:V222E:E223V:V224I:I225K:K226A:A227V:V228D:D229L:L230E:E231T:T232Y:Y233R:R234*,28.85,1,57,0,TRUE,202,0
F29S:S64P:H176Q,26.2,1,2423.154076,0,FALSE,3,0
K32E:K126*:L153M,39.44,1,57,0,FALSE,3,0
K47M:Y76N,64.6,1,1390.984808,0,FALSE,2,0
G42D:I97V:L142*,46.98,1,1048.457762,0,FALSE,3,0
G6S:Y68C:K85R:L161F:T232M,37,1,2937.704234,0,FALSE,5,0
G35D:S93R:Y151H,35.33,1,57,0,FALSE,3,0
T43S:A81E:V125E:K186N,71.23,1,3924.653893,0,FALSE,4,0
K75R:K126*,37.66,1,57.00050128,0,FALSE,2,0
I80N:G134V,30.6,1,57,0,FALSE,2,0
L3P:V24I:I49F:S145P,35.54,1,57.01055416,0,FALSE,4,0
L63M:F73S:I225V,39.07,1,57,0,FALSE,3,0
T18I:I31T:T36I,26.13,1,3404.009166,0,FALSE,3,0
L55Q:R122L:Y151C,45.32,1,629.2712793,0,FALSE,3,0
E11V:L172Q:P187S:V203M,274.25,1,2411.018396,0,FALSE,4,0
G35R:G160C:N185S:W204R:F207L,29.5,1,57,0,FALSE,5,0
G26C:I44T:G91D:L119P:V203E,31.48,1,57,0,FALSE,5,0
T43V:S99P,26.32,1,769.2537561,0,FALSE,2,0
Y16*:V34I:Y48H:E164G:F169L,163.78,1,3507.881544,0,FALSE,5,0
G26A:Y106C,44.59,1,57,0,FALSE,2,0
F10I:P15L:Y76C:D212N:D214N,41.37,1,2092.025371,0,FALSE,5,0
G22D:I98T,32.28,1,57,0,FALSE,2,0
V112*:T113R:Y114M:E115K:N116T:G117V:T118H:L119Y:Y120T:N121T:R122A:V123L:T124P:V125*:K126R:G127A:T128L:G129V:F130S:K131S:S132Q:N133T:G134A:N135T:I136S:L137W:M139C:R140A:V141F:L142C:Y143T:H144T:S145R:P146H:H148T:A149Q:V150S:Y151I:I152S:L153C:P154L:D155T:R156A:K157R:N158M:G159V:G160A:L161*:K162R:I163L:E164S:Y165I:N166T:K167R:A168P:F169L:D170T:V171Y:L172W:G173A:G174A:G175V:H176T:Q177R:M178W:A179P:R180V:H181T:A182P:Q183S:F184S:N185T:K186S:G189A:A190H:W191G:E192R:E193K:D194I:Y195T:P197L:Y198T:H199T:H200T:L201*:T202Q:V203C:W204G:T205L:S206A:F207S:G208A:D210T:P211D:D214E:E215T:T216D:D217H:H218L:L219T:T220I:I221V:V222E:E223D:V224I:I225K:K226A:A227V:V228D:D229L:L230E:E231T:T232Y:Y233R:R234*,78.62,1,2314.979349,0,TRUE,115,0
G160C:M178T:Y198C:H200Y:T232S,47.22,1,81.3948485,0,FALSE,5,0
S64L:F130S,30.96,1,57,0,FALSE,2,0
I14V:G53S:R78H:R96P,38.49,1,57,0,FALSE,4,0
A60G:A74D,25.11,1,1500.386917,0,FALSE,2,0
S67L:R96H:G175V:F184L,32.78,1,57,0,FALSE,4,0
F10S:R140H:D210E,38.93,1,643.640899,0,FALSE,3,0
Y16N:G35S:H79R:Y106C:T128A,26.35,1,57,0,FALSE,5,0
E21K:A39V:T43S:D82E:M139T,27.87,1,57,0,FALSE,5,0
I44N:F84S:N166K:E193V:Y198N,41.8,1,57,0,FALSE,5,0
G53D:G69D:Y92H:G189V:D210V,27.41,1,57,0,FALSE,5,0
Y16C:T18P:E19S:L20W:E21R:G22A:D23T:V24*:E25R:G26A:M27*:K28S:F29S:I30S:I31L:K32R:G33A:V34L:G35A:T36L:G37A:D38M:A39P:T40P:T41R:G42A:T43P:I44S:K45R:A46R:K47S:Y48T:I49S:C50A:T51P:T52P:G53A:D54T:L55C:V57C:W59G:A60L:T61P:I62S:L63C:S64H:S65P:L66C:S67R:Y68T:G69A:V70C:C72A:F73S:A74L:K75N:Y76T:R78A:H79T:I80L:A81R:D82T:F83S:F84S:K85S:S86P:T87P:Q88N:D90M:G91A:Y92T:S93V:Q94R:D95T:R96A:I97S:I98S:S99R:F100S:D101T:N102M:D103T:G104A:Q105S:Y106T:D107T:V108*:A110P:V112*:T113R:Y114M:E115R:N116T:G117V:T118H:L119Y:Y120T:N121T:R122A:V123L:T124P:V125*:K126R:G127A:T128L:G129V:F130S:K131S:S132Q:N133T:G134A:N135T:I136S:L137W:M139C:R140A:V141F:L142C:Y143T:H144T:S145R:P146H:H148T:A149Q:V150S:Y151I:I152S:L153C:P154L:D155T:R156A:K157R:N158M:G159V:G160A:L161*:K162R:I163L:E164S:Y165I:N166T:K167R:A168L:F169L:D170T:V171H:L172W:G173A:G174A:G175V:H176T:Q177R:M178W:A179P:R180V:H181T:A182P:Q183S:F184S:N185T:K186S:G189A:A190H:W191G:E192R:E193K:D194I:Y195T:P197L:Y198T:H199T:H200T:L201*:T202Q:V203C:W204G:T205L:S206A:F207S:G208A:D210T:D212M:D213T:D214T:E215R:T216Q:D217I:H218T:T220R:I221S:V222S:E223R:V224S:I225L:K226R:A227P:V228*:D229T:L230W:E231K:T232R:Y233T:R234A,157.56,1,2901.317234,0,TRUE,203,0
P56T:K111E:K131*:L201P:F207L,78.61,1,3173.275441,0,FALSE,5,0
K75N:Y76T:R78A:H79T:I80L:A81R:D82T:F83S:F84S:K85S:S86P:T87P:Q88N:D90M:G91A:Y92T:S93V:Q94R:D95T:R96A:I97S:I98S:S99R:F100S:D101T:N102M:D103T:G104A:Q105S:Y106T:D107T:V108*:A110P:V112*:T113R:Y114M:E115R:N116T:G117V:T118H:L119Y:Y120T:N121T:R122A:V123L:T124P:V125*:K126R:G127A:T128L:G129V:F130S:K131S:S132Q:N133T:G134A:N135T:I136S:L137W:M139C:R140A:V141F:L142C:Y143T:H144T:S145R:P146H:H148T:A149Q:V150S:Y151I:I152S:L153C:P154L:D155T:R156A:K157R:N158M:G159E:G160A:L161*:K162R:I163L:E164S:Y165I:N166T:K167R:A168P:F169L:D170T:V171Y:L172W:G173A:G174A:G175V:H176T:Q177G:M178W:A179P:R180V:H181T:A182P:Q183S:F184S:N185T:K186S:L188*:G189A:A190H:W191G:E192R:E193K:D194I:Y195T:P197L:Y198T:H199T:H200I:L201*:T202Q:V203C:W204G:T205L:S206A:F207S:G208A:D210T:D212M:D213T:D214T:E215R:T216Q:D217I:H218T:T220R:I221S:V222S:E223R:V224S:I225L:K226R:A227P:V228*:D229T:L230W:E231K:T232R:Y233T:R234A,33.93,1,57.00360273,0,TRUE,149,0
S67L:E115V:K126M,40.77,1,1036.079033,0,FALSE,3,0
V70E:Y233*,25.77,1,2573.506413,0,FALSE,2,0
T36S:Q88R:D103N:S206I,39.98,1,1470.409137,0,FALSE,4,0
G117D:G134S:K209E:V222D,27.05,1,853.768495,0,FALSE,4,0
Q177K:E192G:L230S,34.8,1,57,0,FALSE,3,0
V57E:E164V:T202A:F207S,26.82,1,57,0,FALSE,4,0
T18I:K111I:I136N:S145T:R156H,51.11,1,1024.825039,0,FALSE,5,0
L63Q:D95V,178.68,1,167.1777582,0,FALSE,2,0
E25*:K131R:N135H,161.01,1,3154.263814,0,FALSE,3,0
N116S:H148L:A190V,106.82,1,404.4007762,0,FALSE,3,0
I97F:K126M:G129R:Y143*:Y195D,44.66,1,57,0,FALSE,5,0
G69S:H218P,41.96,1,57.00002392,0,FALSE,2,0
K32R:F73L:S99A:Y106C,32.79,1,57.01468282,0,FALSE,4,0
E5G:V24L:I44N:Y68F:Y143F:H148T:A149Q:V150S:Y151I:I152S:L153C:P154Q:D155T:R156A:K157R:N158M:G159V:G160A:L161*:K162R:I163L:E164S:Y165I:N166T:K167R:A168P:F169L:D170T:V171Y:L172W:G173A:G174A:G175V:H176T:Q177R:M178W:A179P:R180V:H181T:A182P:Q183S:F184S:N185T:K186S:G189A:A190H:W191G:E192R:E193K:D194I:Y195T:P197L:Y198T:H199T:H200T:L201*:T202Q:V203C:W204G:T205L:S206A:F207S:G208A:D210T:D212M:D213T:D214T:E215R:T216Q:D217I:H218T:T220R:I221S:V222S:E223R:V224S:I225L:K226R:A227P:V228*:D229T:L230W:E231K:T232R:Y233T:R234A,30.35,1,57.00463625,0,TRUE,86,0
I62N:S67T,27.21,1,1526.450839,0,FALSE,2,0
T41A:L66Q:N121D:K126N:Q183K,30.24,1,57,0,FALSE,5,0
K45M:A60L:T61P:I62S:L63C:S64H:S65P:L66C:S67R:Y68T:G69A:V70C:C72A:F73S:A74*:K75I:Y76P:R78P:I80C:A81G:D82L:F83L:F84Q:K85V:S86H:T87P:Q88T:P89R:D90W:G91L:Y92Q:Q94G:D95S:R96H:I97H:I98L:S99V:F100R:D101Q:N102*:D103R:G104P:Q105V:Y106R:D107R:V108E:K109S:A110Q:K111S:V112D:T113V:Y114*:N116R:G117Y:L119I:Y120Q:N121P:V123Y:T124R:V125E:K126G:G127H:T128W:G129F:F130Q:K131V:S132K:N133R:G134Q:N135H:I136P:L137G:G138D:M139A:V141F:L142V:Y143P:H144L:S145A:P146T:H148R:A149S:V150L:I152L:L153A:P154*:D155P:R156Q:K157E:N158W:G159W:G160L:L161K:K162D:I163*:E164V:Y165*:N166Q:K167G:A168L:F169*:D170R:V171T:L172G:G173R:G174R:G175S:H176P:Q177D:M178G:A179P:R180S:H181R:A182P:Q183V:F184Q:N185Q:K186A:L188W:G189R:A190M:W191G:E192G:E193R:D194L:Y195P:P197L:Y198P:H199P:H200P:L201D:T202S:W204D:T205*:S206L:F207R:G208Q:K209R:D210P:P211R:D212*:D213R:D214R:E215D:T216R:D217S:H218P:L219Y:T220D:I221R:V222R:E223G:V224H:I225*:K226G:A227R:V228R:D229L:L230G:E231N:T232V:Y233P:R234L,40.4,1,57,0,TRUE,163,0
F10S:S67P:Y120H,77.07,1,997.2785397,0,FALSE,3,0
W59R:V125A,43.13,1,1862.915351,0,FALSE,2,0
G42D:V57A:T113S:L119P:M139R,75.41,1,2887.886465,0,FALSE,5,0
E19V:I97N:S145P:H148T:A149Q:V150S:Y151I:I152S:L153C:P154L:D155T:R156A:K157R:N158M:G159V:G160A:L161*:K162R:I163L:E164S:Y165I:N166T:K167R:A168P:F169L:D170T:V171Y:L172W:G173A:G174A:G175V:H176T:Q177*:M178W:A179P:R180V:H181T:A182P:Q183S:F184S:N185T:K186S:G189A:A190H:W191G:E192R:E193K:D194I:Y195T:P196S:P197L:Y198T:H199T:H200T:L201*:T202Q:V203C:W204G:T205L:S206A:F207S:G208A:D210T:D212M:D213T:D214T:E215R:T216Q:D217I:H218T:T220R:I221S:V222S:E223R:V224S:I225L:K226R:A227P:V228*:D229T:L230W:E231K:T232R:Y233T:R234A,37.64,1,57.00101902,0,TRUE,85,0
Y48H:T113M:M178T:H218L,44.68,1,57,0,FALSE,4,0
G6A:A7R:K8S:L9C:F10S:E11K:E13R:I14F:Y16I:I17S:T18P:E19S:L20W:E21R:G22A:D23T:V24*:E25R:G26A:M27*:K28S:F29S:I30S:I31L:K32R:G33A:V34L:G35A:T36L:G37A:D38M:A39P:T40L:T41R:G42A:T43P:I44S:K45R:A46R:K47S:Y48T:I49S:C50A:T51P:T52P:G53A:D54T:L55C:V57C:W59G:A60L:T61P:I62S:L63C:S64H:S65P:L66C:S67R:Y68T:G69A:V70C:C72A:F73S:A74*:K75I:Y76P:R78P:I80C:A81G:D82L:F83L:F84Q:K85V:S86H:T87P:Q88T:P89R:D90W:G91L:Y92L:Q94G:D95P:R96H:I97H:I98L:S99V:F100R:D101Q:N102*:D103R:G104P:Q105V:Y106R:D107R:V108E:K109S:A110Q:K111S:V112D:T113V:Y114*:N116R:G117Y:L119I:Y120Q:N121P:V123Y:T124R:V125E:K126G:G127H:T128W:G129F:F130Q:K131V:S132K:N133R:G134Q:N135H:I136P:L137G:G138D:M139A:V141F:L142V:Y143P:H144L:S145A:P146A:H148R:A149S:V150L:I152L:L153A:P154*:D155P:R156Q:K157E:N158W:G159W:G160L:L161K:K162D:I163*:E164V:Y165*:N166Q:K167G:A168L:F169*:D170R:V171T:L172G:G173R:G174R:G175S:H176P:Q177D:M178G:A179P:R180S:H181R:A182P:Q183V:F184Q:N185Q:K186A:L188W:G189R:A190M:W191G:E192G:E193R:D194L:Y195P:P197I:Y198P:H199P:H200P:L201D:T202S:W204D:T205*:S206L:F207R:G208Q:K209R:D210P:P211R:D212*:D213R:D214R:E215D:T216R:D217S:H218P:L219Y:T220D:I221R:V222R:E223G:V224H:I225*:K226G:A227R:V228R:D229L:L230G:E231N:T232V:Y233P:R234L,127.89,1,4036.389409,0,TRUE,212,0
E5K:D38H:Y151H:D213V,32.39,1,718.2784093,0,FALSE,4,0
F10L:Y114N:L188P,31.34,1,97.73459392,0,FALSE,3,0
K28*:I62T,68.27,1,2288.499117,0,FALSE,2,0
H148R:F169L,49.4,1,57,0,FALSE,2,0
V150F,31.11,1,1932.101965,0,FALSE,1,0
I80V:V108M:K109R:Y120N:P211A:A227G,30.77,1,57,0,FALSE,6,0
I49V:G104C,42.24,1,57,0,FALSE,2,0
Q88N:D90M:G91A:Y92T:S93V:Q94R:D95T:R96A:I97S:I98S:S99R:F100S:D101T:N102M:D103T:G104A:Q105S:Y106T:D107T:V108*:A110P:V112*:T113R:Y114M:E115R:N116T:G117V:T118H:L119Y:Y120T:N121T:R122A:V123L:T124P:V125*:K126R:G127A:T128L:G129V:F130S:K131S:S132Q:N133T:G134A:N135T:I136S:L137W:M139C:R140A:V141F:L142C:Y143T:H144T:S145R:P146H:H148T:A149Q:V150S:Y151I:I152S:L153C:P154L:D155T:R156A:K157R:N158M:G159V:G160A:L161*:K162R:I163L:E164S:Y165I:N166T:K167R:A168P:F169L:D170T:V171Y:L172W:G173A:G174A:G175V:H176T:Q177R:M178W:A179P:R180V:H181T:A182P:Q183S:F184S:N185T:K186S:G189A:A190H:W191G:E192R:E193K:D194I:Y195T:P197L:Y198T:H199T:H200T:L201*:T202Q:V203C:W204G:T205L:S206A:F207S:G208A:D210T:D212M:D213T:D214T:E215R:T216Q:D217I:H218T:T220R:I221S:V222S:E223R:V224S:I225L:K226R:A227P:V228*:D229T:L230W:E231K:T232R:Y233T:R234A,29.92,1,3057.524311,0,TRUE,136,0
T36S:A60P:F83Y:H148L,25.4,1,57,0,FALSE,4,0
M27I:A46T:Y92C,55.6,1,57,0,FALSE,3,0
C50S:S86Y:P89S:I98T:T220M,25.95,1,57.00000337,0,FALSE,5,0
G37S:F100L,28.53,1,57.00018761,0,FALSE,2,0
A39V:S65F:L201M,26.45,1,2208.112116,0,FALSE,3,0
L20Q:H199L:L219H,41.23,1,2692.325556,0,FALSE,3,0
I62T:F73I:E231V,29.36,1,57,0,FALSE,3,0
E13G:G22C:F84I:I97T:L161I:V203L,28.59,1,57,0,FALSE,6,0
A60T:Q177R:Y195H,49.07,1,1651.890923,0,FALSE,3,0
A39V:G53D:K157R,37.79,1,2801.264192,0,FALSE,3,0
I62T:P89L:K111*,86.71,1,149.6119051,0,FALSE,3,0
T1S:G22S:K109I:F169S:V171I,27.04,1,57.00018128,0,FALSE,5,0
W59R:F84L:P89S:R96H:D155V,34.99,1,1374.888183,0,FALSE,5,0
G53D:P56T:K75N:Y76T:R78A:H79T:I80L:A81R:D82T:F83S:F84S:K85S:S86P:T87P:Q88N:D90T:G91A:Y92T:S93V:Q94R:D95T:R96A:I97S:I98S:S99R:F100S:D101T:N102M:D103T:G104A:Q105S:Y106T:D107A:V108*:A110P:V112*:T113R:Y114M:E115R:N116T:G117V:T118H:L119Y:Y120T:N121T:R122A:V123L:T124P:V125*:K126R:G127A:T128L:G129V:F130S:K131S:S132Q:N133T:G134A:N135T:I136S:L137W:M139C:R140A:V141F:L142C:Y143T:H144T:S145R:P146H:H148T:A149Q:V150S:Y151I:I152S:L153C:P154L:D155T:R156A:K157R:N158M:G159V:G160A:L161*:K162*:I163L:E164S:Y165I:N166T:K167R:A168P:F169L:D170T:V171Y:L172W:G173A:G174A:G175V:H176T:Q177R:M178W:A179P:R180V:H181T:A182P:Q183S:F184P:N185T:K186S:G189A:A190H:W191G:E192K:E193K:D194I:Y195T:P197L:Y198T:H199T:H200T:L201*:T202Q:V203C:W204G:T205L:S206A:F207S:G208A:D210T:D212M:D213T:D214T:E215R:T216Q:D217I:H218T:T220R:I221S:V222S:E223R:V224S:I225L:K226R:A227P:V228*:D229T:L230W:E231K:T232R:Y233T:R234A,33.32,1,57.00132758,0,TRUE,150,0
G53C:I80T:I225N,25.17,1,2626.107939,0,FALSE,3,0
V112A:G138R:Y198H,31.59,1,2855.05744,0,FALSE,3,0
K28M:L63P:T118I,30.37,1,57.00000418,0,FALSE,3,0
V171I:K226M:A227S,43.69,1,97.29170557,0,FALSE,3,0
T52P:G53C:W204R:T216A,36.31,1,97.60853032,0,FALSE,4,0
E19G:T52S:A110T:F184S,41.72,1,2057.744656,0,FALSE,4,0
G22D:K226R,117.59,1,3128.773824,0,FALSE,2,0
Y143*:P146S,116.2,1,3623.73794,0,FALSE,2,0
T61S:V123D:H199N,68.47,1,2982.886242,0,FALSE,3,0
D82G:G104D:M139V:D210G,28.72,1,57,0,FALSE,4,0
K28E:A74D:A179G,25.76,1,57,0,FALSE,3,0
V24I:T36N:D54G:L63P:C72Y:K226*,32.76,1,2276.331337,0,FALSE,6,0
N116D:M139T:P154H,44.73,1,626.3601757,0,FALSE,3,0
M27I:H79N:Q94*:S99T:K162E,40.24,1,57,0,FALSE,5,0
Y76C:N166S:H199Y,183.46,1,1334.206966,0,FALSE,3,0
D54Y:Y106H,43.67,1,57.00173324,0,FALSE,2,0
E21G:T43S:K167N:H199Y,26.69,1,57,0,FALSE,4,0
K8E:S93G:L137M:L230S,37.22,1,174.3528164,0,FALSE,4,0
K8R:D107G:G160D,35.22,1,57,0,FALSE,3,0
F71S:S93G:I98N:D103V:K109R:L142V:N158Y,29.35,1,1497.871329,0,FALSE,7,0
E19G:S67P:V123A,41.57,1,4385.218419,0,FALSE,3,0
S93N:G160D,35.67,1,2435.517875,0,FALSE,2,0
F83S,26.24,1,114.6613526,0,FALSE,1,0
S67P:K131M:A182V,26.42,1,57.00159119,0,FALSE,3,0
D23N:I30N:G117A:A149E,39.05,1,59.64279181,0,FALSE,4,0
S145L:F207Y,92.35,1,139.1820202,0,FALSE,2,0
Y16C:Y114*,121.99,1,2229.917973,0,FALSE,2,0
Q94H:D95E:D101N:Y106F,32.19,1,57,0,FALSE,4,0
K75I:V125A:S145L:V222A,36.86,1,57,0,FALSE,4,0
I62F:G104D:A227T,26.7,1,485.6057735,0,FALSE,3,0
P77T:P89L:K162E:I225T,88.98,1,2942.939482,0,FALSE,4,0
P77S:S86P:Y151F:T202I,39.08,1,882.4518333,0,FALSE,4,0
D23V:V24G:K75E,35.82,1,450.2969517,0,FALSE,3,0
F169L:L219P,42.73,1,596.5232695,0,FALSE,2,0
G42R:K157R:M178T,30.36,1,57,0,FALSE,3,0
E19K:N185I,207.72,1,168.597723,0,FALSE,2,0
K8T:K45E:M178V:T202A:T220A:I221V,30.4,1,2109.687275,0,FALSE,6,0
G37D:I221T,38.57,1,995.4806471,0,FALSE,2,0
I30N:K45M:K111*:L153W,79.22,1,771.0528884,0,FALSE,4,0
K111R:H148L:A179D,31.48,1,57,0,FALSE,3,0
F84L:N121I,38.14,1,57,0,FALSE,2,0
Q94L:H199Y,26.17,1,970.4589164,0,FALSE,2,0
F10L:M27I:L63P:E115V,46,1,57,0,FALSE,4,0
D54G:A60T:I80V:Y106*:H199L,38.5,1,57,0,FALSE,5,0
E5*:D90Y:S145L:F169Y,293.58,1,3256.793997,0,FALSE,4,0
P196H,32.27,1,3009.423663,0,FALSE,1,0
A39T:G42D:N102S:K126M,26.98,1,57,0,FALSE,4,0
F29S:V112M:K131R,33.94,1,57,0,FALSE,3,0
W59C:N133S:P146Q:T202S,27.87,1,3267.233974,0,FALSE,4,0
G42D:H79P,38.32,1,57,0,FALSE,2,0
L20P:N102Y:G159D:D170G:A179T,37.55,1,1826.233671,0,FALSE,5,0
E115G:G159D:K167N,34.39,1,57,0,FALSE,3,0
G37D:T40S:V125G:K131T:N133D:N135T:L137V:A190V:Y233*,51.53,1,407.9176547,0,FALSE,9,0
I14N:F29L:S99*,62.1,1,57,0,FALSE,3,0
E5G:S64T:T128A:L219H,29.46,1,1048.595392,0,FALSE,4,0
F10Y:M27T:L137P:Y143H,65.53,1,224.3384742,0,FALSE,4,0
A110P:P196L:K209N,30.82,1,4289.197655,0,FALSE,3,0
Y92H:W204R,26.72,1,1446.719743,0,FALSE,2,0
G104S:N135D:Y198H,27.65,1,57.0021519,0,FALSE,3,0
E21D:G69D:F100S:N166S,48.87,1,57.00000021,0,FALSE,4,0
T43I:Q105R:T128A:H144Y:S145L,31.69,1,57,0,FALSE,5,0
A74S:G104S:Q183L,27.45,1,2607.193447,0,FALSE,3,0
H79L:K109E:K131T:S145L:K167E,34.68,1,57,0,FALSE,5,0
Y48H:L66P:D107E:T118I,35.99,1,57,0,FALSE,4,0
F10I:K45R:S65F,59.13,1,57,0,FALSE,3,0
G37D:K126E:E223G,56.23,1,57,0,FALSE,3,0
P56T:Q183K,25.56,1,57,0,FALSE,2,0
S65C:R78P:L201M:V228L,257,1,188.9036223,0,FALSE,4,0
I97F:P146S:T220R:I221S:V222S:E223R:V224S:I225L:K226R:A227P:V228*:D229T:L230W:E231K:T232R:Y233T:R234A,35.48,1,2200.465955,0,TRUE,17,0
K109I:N121D:L161F:F169L,28.55,1,3844.840368,0,FALSE,4,0
I44F:K85T:D103N:F184I,78.71,1,3508.977804,0,FALSE,4,0
M27T:K85*:K186M,40.35,1,57,0,FALSE,3,0
E25G:S93N:A149P,57.07,1,2887.261683,0,FALSE,3,0
T18I:F73Y:P147H,36.49,1,57,0,FALSE,3,0
I17V:G35D:T40A:K85N:D101G:D194G,83.7,1,1280.876451,0,FALSE,6,0
K85R:G175D:I221V:D229V,26.4,1,57.00019656,0,FALSE,4,0
A46P:N116S,35.22,1,1144.417422,0,FALSE,2,0
Y92C:S93Q:Q94D:D95R:R96I:I98S:S99F:F100D:D101N:N102D:D103G:G104Q:Q105Y:Y106D:D107V:V108K:K109A:A110K:K111V:V112T:T113Y:Y114E:E115N:N116G:G117T:T118L:L119Y:Y120N:N121R:R122V:V123T:T124V:V125K:K126G:G127T:T128G:G129F:F130K:K131S:S132N:N133G:G134N:N135I:I136L:L137G:G138M:M139R:R140V:V141L:L142Y:Y143H:H144S:S145P:P147H:H148A:A149V:V150Y:Y151I:I152L:L153P:P154D:D155R:R156K:K157N:N158G:G160L:L161K:K162I:I163E:E164Y:Y165N:N166K:K167A:A168F:F169D:D170V:V171P:L172G:G175H:H176Q:Q177M:M178A:A179R:R180H:H181A:A182Q:Q183F:F184N:N185K:K186P:P187L:L188G:G189A:A190W:W191E:E193D:D194Y:Y195P:P197Y:Y198H:H200L:L201T:T202V:V203W:W204T:T205S:S206F:F207G:G208K:K209D:D210P:P211D:D214E:E215T:T216D:D217H:H218L:L219T:T220I:I221V:V222E:E223V:V224I:I225K:K226A:A227V:V228D:D229L:L230E:E231T:T232Y:Y233R:R234*,41.86,1,1128.978587,0,TRUE,133,0
F84Y:T128I:E223*,31.94,1,126.7805602,0,FALSE,3,0
G26S:F84L:K109E:N185S:L201P,35.38,1,4191.020329,0,FALSE,5,0
A60V:Y106*:R140H:F169I:W204R,34.54,1,57.00048685,0,FALSE,5,0
H144L:E223K,27.3,1,1727.485825,0,FALSE,2,0
W59R:L142S,45.93,1,57.00004093,0,FALSE,2,0
D95E:V108M:L142W:P147S,31.18,1,1037.675931,0,FALSE,4,0
G26D:K45R:S67P:W191R:H199P,54.68,1,2801.283118,0,FALSE,5,0
I44N:L119Q,26.06,1,57,0,FALSE,2,0
S64P:S86P:L142*:L188H,106.71,1,2515.853168,0,FALSE,4,0
Y68D:H218P,47.97,1,57.00004404,0,FALSE,2,0
V108A:R140C:F169S,31.8,1,954.1081138,0,FALSE,3,0
P58H:E115V,27.78,1,3792.723285,0,FALSE,2,0
I17S:K28*:K85*:K111T:Y165*,115.01,1,2659.06069,0,FALSE,5,0
G42D:G91S:S93C:N121D,28.82,1,1036.233031,0,FALSE,4,0
Q105P:S206I,40.83,1,1331.051831,0,FALSE,2,0
K45E:N102S:L119P:N185I,25.18,1,57,0,FALSE,4,0
E25G:V57M:K75R:T118I:G129C:V171E,89.35,1,1076.355852,0,FALSE,6,0
T41M:Y48H:F130I:R156S:V203A,39.69,1,57,0,FALSE,5,0
Y114C:I163N:I221N,53.89,1,2503.340268,0,FALSE,3,0
F169S:K226*,44.9,1,57,0,FALSE,2,0
S67P:K131M:H148Y,29.89,1,57.00279242,0,FALSE,3,0
D38E:V57A:K111E:N185D:R234S,26.13,1,627.0927281,0,FALSE,5,0
K8E:A39V:A60T,28.38,1,585.8687822,0,FALSE,3,0
T40A:P56H:T128A:P187L,35.41,1,4018.689457,0,FALSE,4,0
Y16H:K47*:D101V:R140C:G175D,128.27,1,2036.173385,0,FALSE,5,0
S93C:N102I:S132*,37.63,1,57.00091504,0,FALSE,3,0
A39T:S132*,25.29,1,57,0,FALSE,2,0
I30T:G35D:T128I,40.09,1,3852.790862,0,FALSE,3,0
R96S:V203A,860.56,1,215.3522959,0,FALSE,2,0
E13R:I14F:Y16I:I17S:T18P:E19S:L20W:E21R:G22A:D23T:V24*:E25R:G26A:M27*:K28S:F29S:I30S:I31L:K32R:G33A:V34L:G35A:T36L:G37A:D38M:A39P:T40P:T41R:G42A:T43P:I44S:K45R:A46R:K47S:Y48T:I49S:C50A:T51P:T52P:G53A:D54T:L55C:V57C:W59G:A60L:T61P:I62S:L63C:S64H:S65P:L66C:S67R:Y68T:G69A:V70C:C72A:F73S:A74*:K75I:Y76P:R78P:I80C:A81G:D82L:F83L:F84Q:K85V:S86H:T87P:Q88T:P89R:D90W:G91L:Y92Q:Q94G:D95P:R96H:I97H:I98L:S99V:F100R:D101Q:N102*:D103R:G104P:Q105V:Y106R:D107R:V108E:K109S:A110Q:K111S:V112D:T113V:Y114*:N116R:G117Y:L119I:Y120Q:N121P:V123Y:T124R:V125E:K126G:G127H:T128W:G129F:F130Q:K131V:S132K:N133R:G134Q:N135H:I136P:L137G:G138D:M139A:V141F:L142V:Y143P:H144L:S145A:P146T:H148R:A149S:V150L:I152L:L153A:P154*:D155P:R156Q:K157E:N158W:G159W:G160L:L161K:K162D:I163*:E164V:Y165*:N166Q:K167G:A168L:F169*:D170R:V171T:L172G:G173R:G174R:G175S:H176P:Q177D:M178G:A179P:R180S:H181R:A182P:Q183V:F184Q:N185Q:K186A:L188W:G189R:A190M:W191G:E192G:E193R:D194L:Y195P:P197L:Y198P:H199P:H200P:L201D:T202S:W204D:T205*:S206L:F207R:G208Q:K209R:D210P:P211R:D212*:D213R:D214R:E215D:T216R:D217S:H218P:L219Y:T220D:I221R:V222R:E223G:V224H:I225*:K226G:A227R:V228R:D229L:L230G:E231N:T232V:Y233P:R234L,143.24,1,3902.530216,0,TRUE,206,0
L63V:S67P:S132L:P187S,36.25,1,57,0,FALSE,4,0
N121I:N166S:Q177H:A227T,43.39,1,786.8543876,0,FALSE,4,0
G33V:K85R:P154S,64.74,1,2915.121072,0,FALSE,3,0
E5G:L20Q:E164G,30.66,1,308.4140104,0,FALSE,3,0
G37D:T51I:K85R:D101N:K109E:Q177H:Q183H,26.69,1,57,0,FALSE,7,0
P77S:G160S,33.06,1,57,0,FALSE,2,0
G42D:C72R,36.56,1,57,0,FALSE,2,0
V70E:A74T,38.31,1,57.02349687,0,FALSE,2,0
G35D:C50G,27.23,1,2121.85267,0,FALSE,2,0
K47M:T128A:F207Y,34.32,1,1690.44914,0,FALSE,3,0
A179V:H199L:E231G,35.7,1,737.6111288,0,FALSE,3,0
N121I:R156H,27.82,1,57,0,FALSE,2,0
G33C:A39T,31.65,1,57,0,FALSE,2,0
K167N:G173C:W191R,31.49,1,57,0,FALSE,3,0
Y68H:G134A:Q177L,29.07,1,57,0,FALSE,3,0
F84L:K85E:R140C:G159S,26.84,1,57,0,FALSE,4,0
T40A:W59C:D82V,27.33,1,57,0,FALSE,3,0
E215D:K226*,50.19,1,584.0288164,0,FALSE,2,0
G91V,368.61,1,3584.277451,0,FALSE,1,0
I31F:L137P,40.82,1,1658.500976,0,FALSE,2,0
Q94L:D214E,112.22,1,126.4987616,0,FALSE,2,0
D23V:N133I:K167R:M178I,73.63,1,911.2200044,0,FALSE,4,0
E25*:A81V,100.97,1,2622.120199,0,FALSE,2,0
I44F:C50Y:S93R,46.42,1,57,0,FALSE,3,0
E25G:Y165H:V222A,31.71,1,57,0,FALSE,3,0
E13K:D23G:K85E,55.11,1,2406.412593,0,FALSE,3,0
L9P:F73S:D103E,52.07,1,57,0,FALSE,3,0
L9P:G104C:H144Q,50.91,1,57,0,FALSE,3,0
G22D:I80N:A227V,27.9,1,3949.468781,0,FALSE,3,0
L3R:D103V:D210N:D217E,32.27,1,57.00642849,0,FALSE,4,0
F84S:T113S:E223G:L230S,27.04,1,275.7960288,0,FALSE,4,0
A110V:F169S,69.39,1,57,0,FALSE,2,0
F29L:K167R:L201M:D214N,32.7,1,57,0,FALSE,4,0
F29L:P77S:Y114H:T118I:Y151D,30.25,1,4149.943141,0,FALSE,5,0
E5G:I49V:G104A:R140H:Y195C:V203M,27.45,1,728.3831773,0,FALSE,6,0
K8*:V112A:G208S,66.82,1,57,0,FALSE,3,0
G35S:L142M:E215G:T220S,27.38,1,57,0,FALSE,4,0
S93R:K157N:F207Y:E223K,27.72,1,520.0775677,0,FALSE,4,0
G26D:K28*:A74T:N133K:K167E,54.15,1,57,0,FALSE,5,0
V112E:T118A:P197T,30.4,1,57,0,FALSE,3,0
S64L:D95V:V123G:P154S:L188P,44.29,1,57.01063149,0,FALSE,5,0
K12N:D90E:V141A:L142*,45.75,1,57.00967648,0,FALSE,4,0
C72R:D107G:K109E:H144L,25.71,1,1488.097878,0,FALSE,4,0
G104S:D213G,25.14,1,57,0,FALSE,2,0
F71S:Y143S:K186N,39.54,1,57,0,FALSE,3,0
V57M:E115G:V203A:D212N,50.9,1,1187.220307,0,FALSE,4,0
S67P:N102Y:K186T,27.05,1,57,0,FALSE,3,0
L137P:D217E,25.64,1,237.336545,0,FALSE,2,0
Y92N:Q94R:F100I:E164G,32.25,1,57,0,FALSE,4,0
T2A:K45E:G104C,33.77,1,57,0,FALSE,3,0
T51A:T61I:G129A:G159V:H218N,28.68,1,57,0,FALSE,5,0
G35D:S93G:Q105L,69.71,1,986.0775775,0,FALSE,3,0
N116D:I136M:D229H,59.86,1,57.00000066,0,FALSE,3,0
E115G:A149T:Y151N:T205N:I221V,29.62,1,463.3598694,0,FALSE,5,0
S64T:P154L,27.43,1,1195.92766,0,FALSE,2,0
I30V:K226R:A227P:V228*:D229T:L230W:E231K:T232R:Y233T:R234A,52.03,1,57.01474882,0,TRUE,10,0
Y76*,93.66,1,1299.508253,0,FALSE,1,0
S64T:F71Y:S99L:Q177R:N185S:D213V,33.92,1,57,0,FALSE,6,0
E13G:I14S:P77S:I136N,49.01,1,2248.951005,0,FALSE,4,0
A39T:R156C:A227T,46.14,1,57.0000102,0,FALSE,3,0
K8A:L9V:F10R:E11K:K12R:E13D:I14S:P15L:I17H:T18R:E19A:L20G:E21G:G22R:D23R:V24R:E25G:G26H:M27E:K28V:F29H:I30H:I31*:K32G:G33R:V34W:G35H:T36W:G37R:D38C:A39H:T40H:T41G:G42H:T43H:I44Q:K45G:A46E:K47V:Y48H:I49L:C50H:T51H:T52R:G53R:D54P:L55A:P56R:V57A:P58L:W59G:A60Y:T61H:I62P:L63V:S64I:S65P:L66V:S67V:Y68R:G69R:F71L:C72L:F73P:A74K:K75Y:Y76P:P77R:R78H:H79I:I80A:A81D:D82F:F84K:K85S:S86T:T87Q:Q88P:P89D:D90G:G91Y:Y92S:S93Q:Q94D:D95R:R96I:I98S:S99F:F100D:D101N:N102D:D103G:G104Q:Q105Y:Y106V:D107V:V108K:K109A:A110K:K111V:V112T:T113Y:Y114E:E115N:N116G:G117T:T118L:L119Y:Y120N:N121R:R122V:V123T:T124V:V125K:K126G:G127T:T128G:G129F:F130K:K131S:S132N:N133G:G134N:N135I:I136L:L137G:G138M:M139R:R140V:V141L:L142Y:Y143H:H144S:S145P:P147H:H148A:A149V:V150Y:Y151I:I152L:L153P:P154D:D155R:R156K:K157N:N158G:G160L:L161K:K162I:I163E:E164Y:Y165N:N166K:K167A:A168F:F169D:D170V:V171L:L172G:G175H:H176Q:Q177M:M178A:A179R:R180H:H181A:A182Q:Q183F:F184N:N185K:K186P:P187L:L188G:G189A:A190W:W191E:E193D:D194Y:Y195P:P197Y:Y198H:H200L:L201T:T202V:V203W:W204T:T205S:S206F:F207G:G208K:K209D:D210P:P211D:D214E:E215T:T216D:D217H:H218L:L219T:T220I:I221V:V222E:E223V:V224I:I225K:K226A:A227V:V228D:D229L:L230E:E231T:T232Y:Y233R:R234*,197.5,1,3546.530828,0,TRUE,214,0
T113M:F184L:Y195C:D217Y,26.43,1,1148.419536,0,FALSE,4,0
K12R:Y16C:G33D:G173D,58.75,1,2396.27441,0,FALSE,4,0
T40I:W59R:R78S,40.27,1,503.7641647,0,FALSE,3,0
I31N:A39V:H79L:T216I,101.41,1,2389.871809,0,FALSE,4,0
G42D:F84L:D214N:T220S,40.58,1,57,0,FALSE,4,0
T18A:L20P:Y92F:F207Y,41.12,1,57,0,FALSE,4,0
S65P:R78A:H79T:I80L:A81R:D82T:F83S:F84S:K85S:S86P:T87P:Q88N:D90M:G91A:Y92T:S93V:Q94R:D95T:R96A:I97S:I98S:S99R:F100S:D101T:N102M:D103T:G104A:Q105S:Y106T:D107T:V108*:A110P:V112*:T113R:Y114M:E115R:N116T:G117V:T118H:L119Y:Y120T:N121T:R122A:V123L:T124P:V125*:K126R:G127A:T128L:G129V:F130S:K131S:S132Q:N133T:G134A:N135T:I136S:L137W:M139C:R140A:V141F:L142C:Y143T:H144T:S145R:P146H:H148T:A149Q:V150S:Y151I:I152S:L153C:P154L:D155T:R156A:K157R:N158M:G159V:G160A:L161*:K162R:I163L:E164S:Y165I:N166T:K167R:A168P:F169L:D170T:V171Y:L172W:G173A:G174A:G175V:H176T:Q177R:M178W:A179P:R180V:H181T:A182P:Q183S:F184S:N185T:K186S:G189A:A190H:W191G:E192R:E193K:D194I:Y195T:P197L:Y198T:H199T:H200T:L201*:T202Q:V203C:W204G:T205L:S206A:F207S:G208A:D210T:D212M:D213T:D214T:E215R:T216Q:D217I:H218T:T220R:I221S:V222S:E223R:V224S:I225L:K226R:A227P:V228*:D229T:L230W:E231K:T232R:Y233T:R234A,45.98,1,57.00320551,0,TRUE,147,0
Q88P:Q94R:Y114N:M178V:H200Y,56.94,1,2910.471267,0,FALSE,5,0
V112L:H148Y,54,1,1484.205252,0,FALSE,2,0
F10Y:D194G:T202I,37.01,1,881.4644662,0,FALSE,3,0
A39P:F100S,30.44,1,2730.771819,0,FALSE,2,0
P15H:E21G:G42D:R78A:H79T:I80L:A81R:D82T:F83S:F84S:K85S:S86P:T87P:Q88N:D90M:G91A:Y92T:S93V:Q94R:D95T:R96A:I97S:I98S:S99R:F100S:D101T:N102M:D103T:G104A:Q105S:Y106T:D107T:V108*:A110P:V112*:T113R:Y114M:E115R:N116T:G117V:T118H:L119Y:Y120T:N121T:R122A:V123L:T124P:V125*:K126R:G127A:T128L:G129V:F130S:K131N:S132Q:N133T:G134A:N135T:I136S:L137W:M139C:R140A:V141F:L142C:Y143T:H144T:S145R:P146H:H148T:A149Q:V150S:Y151I:I152S:L153C:P154L:D155T:R156A:K157R:N158M:G159V:G160A:L161*:K162R:I163L:E164S:Y165I:N166T:K167R:A168P:F169L:D170T:V171Y:L172W:G173A:G174A:G175V:H176T:Q177R:M178W:A179P:R180V:H181T:A182P:Q183S:F184S:N185T:K186S:G189A:A190H:W191G:E192R:E193K:D194I:Y195T:P197L:Y198T:H199T:H200T:L201*:T202Q:V203C:W204G:T205L:S206A:F207S:G208A:D210T:D212M:D213T:D214T:E215R:T216Q:D217I:H218T:T220R:I221S:V222S:E223R:V224S:I225L:K226R:A227P:V228*:D229T:L230W:E231K:T232R:Y233T:R234A,32.21,1,57.00785224,0,TRUE,149,0
K8R:K85R:T87I:K209T:K226E,27.89,1,1802.866581,0,FALSE,5,0
D23G:D90Y:R180L,31.94,1,862.184315,0,FALSE,3,0
E11G:F100S,27.85,1,57,0,FALSE,2,0
E11D:E25D:K47R:G69S,27.61,1,57,0,FALSE,4,0
H79Q:I98T:I225F,49.18,1,57,0,FALSE,3,0
F10S:G69D,32.77,1,57.00004729,0,FALSE,2,0
K85N:F100L,29.25,1,57,0,FALSE,2,0
I44F:W59L:D155N,25.53,1,1859.672428,0,FALSE,3,0
Q88N:D90M:G91A:Y92T:S93V:Q94R:D95T:R96A:I97S:I98S:S99R:F100S:D101T:N102M:D103T:G104A:Q105S:Y106T:D107T:V108*:A110P:V112*:T113R:Y114M:E115R:N116T:G117V:T118H:L119Y:Y120T:N121T:R122A:V123L:T124P:V125*:K126R:G127A:T128L:G129V:F130S:K131S:S132Q:N133T:G134A:N135T:I136S:L137W:M139C:R140A:V141F:L142C:Y143T:H144T:S145R:P146H:H148T:A149Q:V150S:Y151I:I152S:L153C:P154L:D155T:R156A:K157R:N158M:G159V:G160A:L161*:K162R:I163L:E164S:Y165I:N166T:K167R:A168P:F169L:D170T:V171Y:L172W:G173A:G174A:G175V:H176T:Q177R:M178W:A179P:R180V:H181T:A182P:Q183R:F184S:N185T:K186S:G189A:A190H:W191G:E192R:E193R:D194I:Y195T:P197L:Y198T:H199A:H200T:L201*:T202Q:V203C:W204G:T205L:S206A:F207S:G208A:D210T:D212M:D213T:D214T:E215R:T216Q:D217I:H218T:T220R:I221S:V222S:E223R:V224S:I225L:K226R:A227P:V228*:D229T:L230W:E231K:T232R:Y233T:R234A,65.29,1,57,0,TRUE,136,0
F71L:H176R,519.96,1,219.7342993,0,FALSE,2,0
K45T:V57M:V70M:P154S:L219P,25.26,1,235.3305707,0,FALSE,5,0
F10S:S93C:G208D:L230S,45.47,1,1435.174306,0,FALSE,4,0
E13G:G37D:S99P:L142*:D212E:E231G,97.4,1,57,0,FALSE,6,0
L20P:V34I:D155N:H181Y:K226M,27.59,1,57,0,FALSE,5,0
R78C:H200Y,122.88,1,129.7588535,0,FALSE,2,0
R122H:L137P:M139T,30.08,1,57,0,FALSE,3,0
F130S,32.15,1,689.9804408,0,FALSE,1,0
K47E:P56L:Q105K:K226*,52.94,1,57.00000006,0,FALSE,4,0
D90A:K109R:Y120*,54.75,1,57,0,FALSE,3,0
E25V:F84L:P196L,26.66,1,57,0,FALSE,3,0
E21G:G42S:K45E:F73I:N102K:N158D,55.67,1,57.00000261,0,FALSE,6,0
P4H:A7E:K85R:V150L,30.61,1,1594.177784,0,FALSE,4,0
K47M:I98V:K226R:A227P:V228*:D229T:L230W:E231K:T232R:Y233T:R234A,62.69,1,57,0,TRUE,11,0
I30N:F83L:F169L:R180C,33.93,1,627.1310466,0,FALSE,4,0
K75E:V112M:F184I,26.82,1,709.8933699,0,FALSE,3,0
I31F:S93G:N158T:Y198H:P211H,27.48,1,58.72308452,0,FALSE,5,0
G35D:V141F:P187L:G208S,28.76,1,554.5042248,0,FALSE,4,0
I49F:R96P:R122C,36.89,1,57,0,FALSE,3,0
K28R:L66Q:V171A:A227V,25.1,1,3809.357093,0,FALSE,4,0
A60T:E164G,26.05,1,57.01267987,0,FALSE,2,0
F71L:C72L:F73R:A74K:K75Y:Y76P:P77R:R78H:H79I:I80A:A81D:D82F:F84K:K85S:S86T:T87Q:Q88P:P89D:D90G:G91Y:Y92S:S93Q:Q94D:D95R:R96I:I98S:S99F:F100D:D101N:N102D:D103G:G104Q:Q105Y:Y106D:D107V:V108K:K109A:A110K:K111V:V112T:T113Y:Y114E:E115N:N116G:G117T:T118L:L119Y:Y120N:N121R:R122V:V123T:T124V:V125K:K126G:G127T:T128G:G129F:F130K:K131S:S132N:N133G:G134N:N135I:I136L:L137G:G138M:M139R:R140V:V141M:L142Y:Y143H:H144S:S145P:P147H:H148A:A149V:V150Y:Y151I:I152L:L153P:P154D:D155R:R156K:K157N:N158G:G160L:L161K:K162I:I163E:E164Y:Y165N:N166K:K167A:A168F:F169D:D170V:V171L:L172G:G175H:H176Q:Q177M:M178A:A179R:R180H:H181A:A182Q:Q183F:F184N:N185K:K186P:P187L:L188G:G189A:A190W:W191E:E192G:E193D:D194Y:Y195P:P197Y:Y198H:H200L:L201T:T202V:V203W:W204T:T205S:S206F:F207G:G208K:K209D:D210P:P211D:D214E:E215T:T216D:D217H:H218L:L219T:T220I:I221V:V222E:E223A:V224I:I225K:K226A:A227V:V228D:D229L:L230E:E231T:T232Y:Y233R:R234*,52.09,1,57.00084048,0,TRUE,154,0
C72A:F73S:A74*:K75I:Y76P:R78P:I80C:A81G:D82L:F83L:F84H:K85V:S86H:T87P:Q88T:P89R:D90W:G91L:Y92Q:Q94G:D95P:R96H:I97H:I98L:S99V:F100R:D101Q:N102*:D103R:G104P:Q105V:Y106R:D107R:V108E:K109S:A110Q:K111S:V112D:T113V:Y114*:N116R:G117Y:L119I:Y120Q:N121P:V123Y:T124R:V125E:K126G:G127H:T128W:G129F:F130Q:K131V:S132N:N133G:G134N:N135I:I136L:L137G:G138M:M139R:R140V:V141L:L142Y:Y143H:H144S:S145P:P147H:H148A:A149V:V150Y:Y151I:I152L:L153P:P154D:D155R:R156K:K157N:N158G:G160L:L161K:K162I:I163E:E164Y:Y165N:N166K:K167A:A168F:F169D:D170V:V171L:L172G:G175H:H176Q:Q177M:M178A:A179R:R180H:H181A:A182Q:Q183F:F184N:N185K:K186P:P187L:L188G:G189A:A190W:W191E:E193D:D194Y:Y195P:P196S:P197Y:Y198H:H200L:L201T:T202V:V203W:W204T:T205S:S206F:F207G:G208K:K209D:D210P:P211D:D214E:E215T:T216D:D217H:H218L:L219T:T220I:I221V:V222E:E223V:V224I:I225K:K226A:A227V:V228D:D229L:L230E:E231T:T232Y:Y233R:R234*,46.04,1,57.00409454,0,TRUE,149,0
F73L:A74V:P211H,54.93,1,991.3035789,0,FALSE,3,0
R78H:H79R:A81V:F130I:F169L:D194G,25.76,1,57,0,FALSE,6,0
I97T:V112A:L230W,45.92,1,57,0,FALSE,3,0
G37C:L66Q:Y165H:E223*,41.6,1,57,0,FALSE,4,0
I80T:K167T,42.83,1,57.01041964,0,FALSE,2,0
I80V:Q94H,187.83,1,178.0848992,0,FALSE,2,0
S93R:V112*:T113R:Y114M:E115R:N116T:G117V:T118H:L119Y:Y120T:N121T:R122A:V123L:T124P:V125*:K126R:G127A:T128L:G129V:F130S:K131S:S132Q:N133A:G134A:N135T:I136S:L137W:M139C:R140A:V141F:L142C:Y143T:H144T:S145R:P146H:H148T:A149Q:V150S:Y151I:I152S:L153C:P154L:D155T:R156A:K157R:N158M:G159V:G160A:L161*:K162R:I163L:E164S:Y165I:N166T:K167R:A168P:F169L:D170T:V171Y:L172W:G173A:G174A:G175V:H176T:Q177R:M178W:A179P:R180V:H181T:A182P:Q183S:F184S:N185T:K186S:G189A:A190H:W191G:E192R:E193K:D194I:Y195T:P197L:Y198T:H199T:H200T:L201*:T202Q:V203C:W204G:T205L:S206A:F207S:G208A:D210T:D212M:D213T:D214T:E215R:T216Q:D217I:H218T:T220R:I221S:V222S:E223R:V224S:I225L:K226R:A227P:V228*:D229T:L230W:E231K:T232R:Y233T:R234A,57.94,1,57,0,TRUE,116,0
A74P:A179D,30.92,1,57,0,FALSE,2,0
E11D:F130I:G138V,25.5,1,57,0,FALSE,3,0
M27K:F71L:F73I:T113M:D155E:K167N:H199Y,27.12,1,57,0,FALSE,7,0
G53C:P89S:M178L:G208D:D213N:D217E:T220M:I225V:T232S,28.4,1,57,0,FALSE,9,0
A46E:I98M,56.18,1,3130.517975,0,FALSE,2,0
W59*:L63Q:F71Y:F83L:Q105K,210.33,1,3715.037331,0,FALSE,5,0
G35D:K85R:G159D,26.11,1,2452.592451,0,FALSE,3,0
F10L:D23V:A46T:D107G:V150D,25.09,1,57,0,FALSE,5,0
D170E:G189D:P197T:H199R,31.97,1,734.2223165,0,FALSE,4,0
D90H:E115D:N185Y:A190T:E223V:T232M,26.61,1,57.01187402,0,FALSE,6,0
Q94L:K209*,32.19,1,57,0,FALSE,2,0
E5G:C50Y:I80T:M139I,34.17,1,2123.555155,0,FALSE,4,0
C50R:W59R:N121Y:K186R:Y198H,26.9,1,57,0,FALSE,5,0
M27V:N158S:E164K,676.54,1,235.0069134,0,FALSE,3,0
G91A:A182V,40.74,1,411.4745211,0,FALSE,2,0
K162T:H199R,28.87,1,1892.426292,0,FALSE,2,0
K8E:E11G:Y48D:L66P:F84S:K126M:P154S,35.97,1,57,0,FALSE,7,0
K12E:T52I:G134C:A227V,29.13,1,57,0,FALSE,4,0
E11G:L63Q:D107G,285.28,1,170.3562122,0,FALSE,3,0
G37D:G42D:A46T:V228I:D229V,28.83,1,57,0,FALSE,5,0
K85*:V171A:H199R,49.07,1,57.00006633,0,FALSE,3,0
Q94E:K109E:P146Q:M178K,51,1,57.01135162,0,FALSE,4,0
E13*,290.7,1,3112.957909,0,FALSE,1,0
N121Y:K131E:N185D,31.77,1,1052.131536,0,FALSE,3,0
A46V:K47E:V70M:H176R,35.2,1,57.00073571,0,FALSE,4,0
P154T:M178K,26.9,1,705.947026,0,FALSE,2,0
S65F:E223G,39.29,1,57,0,FALSE,2,0
L55Q:Y120N:V123I:F207L:A227S,38.61,1,57,0,FALSE,5,0
M27*:K28S:F29S:I30S:I31L:K32R:G33A:V34L:G35A:T36L:G37A:D38M:A39P:T40P:T41L:G42A:T43P:I44S:K45R:A46R:K47S:Y48T:I49S:C50A:T51P:T52P:G53A:D54T:L55C:V57C:W59G:A60L:T61P:I62S:L63C:S64H:S65P:L66C:S67R:Y68T:G69A:V70C:C72A:F73S:A74*:K75I:Y76P:R78P:I80C:A81G:D82L:F83L:F84Q:K85V:S86H:T87P:Q88T:P89R:D90W:G91L:Y92Q:Q94G:D95P:R96H:I97H:I98L:S99V:F100R:D101Q:N102*:D103R:G104T:Q105V:Y106R:D107R:V108E:K109S:A110Q:K111S:V112D:T113V:Y114*:N116R:G117Y:L119I:Y120Q:N121P:V123Y:T124R:V125E:K126G:G127H:T128W:G129F:F130Q:K131V:S132K:N133R:G134Q:N135Q:I136P:L137G:G138D:M139A:V141F:L142V:Y143P:H144L:S145A:P146T:H148R:A149S:V150L:I152L:L153A:P154*:D155P:R156Q:K157E:N158W:G159W:G160L:L161K:K162D:I163*:E164V:Y165*:N166Q:K167G:A168L:F169*:D170R:V171T:L172G:G173R:G174R:G175S:H176P:Q177D:M178G:A179P:R180S:H181R:A182P:Q183V:F184Q:N185Q:K186A:L188W:G189R:A190M:W191G:E192G:E193R:D194L:Y195P:P197L:Y198P:H199P:H200P:L201D:T202S:W204D:T205*:S206L:F207R:G208Q:K209R:D210P:P211R:D212*:D213R:D214R:E215D:T216R:D217S:H218P:L219Y:T220D:I221R:V222R:E223G:V224H:I225*:K226G:A227R:V228R:D229L:L230G:E231N:T232V:Y233P:R234L,27.34,1,57,0,TRUE,193,0
I97L:G104C:T128A:H181R,35.81,1,57,0,FALSE,4,0
A74T:F84S:I163F,50.04,1,2264.431134,0,FALSE,3,0
M27V:I44F:D95Y,39.34,1,57,0,FALSE,3,0
N102D:H200Y,246.12,1,157.8297619,0,FALSE,2,0
E11D:Y143H:Y151C:K226R:Y233*,63.27,1,57,0,FALSE,5,0
T40I:S67L:M178T:P187L,26.61,1,440.391988,0,FALSE,4,0
L3H:P15H:G42D:G91V:Y195C,29.44,1,1826.715321,0,FALSE,5,0
G37V:T51N:I62V:V125L:D213V,63.74,1,3110.444155,0,FALSE,5,0
G26D:K28*:D82Y:D95E:F100L:K167E:G173D:H200L,284.26,1,3422.29687,0,FALSE,8,0
E19G:Y76T:R78A:H79T:I80L:A81R:D82T:F83S:F84S:K85S:S86P:T87P:Q88N:D90M:G91A:Y92T:S93V:Q94R:D95T:R96A:I97S:I98S:S99R:F100S:D101T:N102M:D103T:G104A:Q105S:Y106T:D107T:V108*:A110P:V112*:T113R:Y114M:E115R:N116T:G117V:T118H:L119Y:Y120T:N121T:R122A:V123L:T124P:V125*:K126R:G127A:T128L:G129V:F130S:K131S:S132Q:N133T:G134A:N135T:I136S:L137W:M139C:R140A:V141F:L142C:Y143T:H144T:S145R:P146H:H148T:A149Q:V150S:Y151I:I152S:L153C:P154L:D155T:R156A:K157R:N158M:G159V:G160A:L161*:K162R:I163L:E164S:Y165I:N166T:K167R:A168P:F169L:D170T:V171Y:L172W:G173A:G174A:G175V:H176T:Q177R:M178W:A179S:R180V:H181T:A182P:Q183S:F184S:N185T:K186S:G189A:A190H:W191G:E192R:E193K:D194I:Y195T:P197L:Y198T:H199T:H200T:L201*:T202Q:V203C:W204G:T205L:S206A:F207S:G208A:D210T:D212M:D213T:D214T:E215R:T216Q:D217I:H218T:T220R:I221S:V222S:E223R:V224S:I225L:K226R:A227P:V228*:D229T:L230W:E231K:T232R:Y233T:R234A,56.8,1,57,0,TRUE,148,0
K12R:V24L:G33C,45.79,1,3130.878647,0,FALSE,3,0
K32*:T36A:T87I:I136T:Q177*:P211S,58.91,1,57.00000778,0,FALSE,6,0
K32R:T52S:D54V:L55P:Q94L:K111I:V125M,25.62,1,57,0,FALSE,7,0
Y16C:P89S:N158K:K209I,33.86,1,3115.028797,0,FALSE,4,0
F73S:A227D:L230*,26.53,1,119.9161013,0,FALSE,3,0
D38G:P77S:Y143H,49.45,1,559.3464608,0,FALSE,3,0
E21*:G104A:A110T:N135Y:Q183*:H200N:D229V,196.8,1,2220.968024,0,FALSE,7,0
T18I:S65P:T113M,37.3,1,57.00000665,0,FALSE,3,0
P56H:G174S:V203G:T205I:F207I:P211L:H218Y,26.91,1,2692.888187,0,FALSE,7,0
F71S:P77T,33.76,1,64.31723624,0,FALSE,2,0
G129V:F130S:K131S:S132Q:N133T:G134A:N135T:I136S:L137W:M139C:R140A:V141F:L142C:Y143T:H144T:S145R:P146H:H148T:A149Q:V150S:Y151I:I152S:L153C:P154L:D155T:R156A:K157R:N158M:G159V:G160A:L161*:K162R:I163L:E164S:Y165I:N166T:K167R:A168P:F169L:D170T:V171Y:L172W:G173A:G174A:G175V:H176T:Q177R:M178W:A179P:R180V:H181T:A182P:Q183S:F184S:N185T:K186S:G189A:A190H:W191G:E192R:E193K:D194I:Y195T:P197L:Y198T:H199T:H200T:L201*:T202Q:V203C:W204G:T205L:S206A:F207S:G208A:D210T:D212M:D213T:D214T:E215R:T216Q:D217I:H218T:T220R:I221S:V222S:E223R:V224S:I225L:K226R:A227P:V228*:D229T:L230R:E231K:T232R:Y233T:R234A,63.22,1,57,0,TRUE,98,0
L55M:S67P:S93G:G174D,27.32,1,57,0,FALSE,4,0
P196L:D212V:K226N,492.64,1,3833.756079,0,FALSE,3,0
K45M:K85R:V108A:K111N,53.23,1,2244.790118,0,FALSE,4,0
L66M:D82G:P89S:H144N,28.38,1,57,0,FALSE,4,0
F169I:V171I:Q177R,38.59,1,57.01153866,0,FALSE,3,0
E5G:T36N:I97V:D107G:Q183E,37.05,1,57,0,FALSE,5,0
V70A:A81T:P147S,154.19,1,143.8819149,0,FALSE,3,0
V70L:Y151H:T202S,48.78,1,57,0,FALSE,3,0
V24A:S132P:K167N,63.35,1,57,0,FALSE,3,0
E11V:G104V:A190V,32.82,1,57,0,FALSE,3,0
K85N:D90Y:G104V:L188P,25.32,1,2181.056839,0,FALSE,4,0
L3R:V24A:G53C:Y120C:K126R:G127A:T128L:G129V:F130S:K131S:S132Q:N133T:G134A:N135T:I136S:L137W:M139C:R140A:V141F:L142C:Y143T:H144T:S145R:P146H:H148T:A149Q:V150T:Y151I:I152S:L153C:P154L:D155T:R156A:K157R:N158M:G159V:G160A:L161*:K162R:I163L:E164S:Y165I:N166T:K167R:A168P:F169L:D170T:V171Y:L172W:G173A:G174A:G175V:H176T:Q177R:M178W:A179P:R180V:H181T:A182P:Q183S:F184S:N185T:K186S:G189A:A190H:W191G:E192R:E193K:D194I:Y195T:P197L:Y198T:H199T:H200T:L201*:T202Q:V203C:W204G:T205L:S206A:F207*:G208A:D210T:D212M:D213T:D214T:E215R:T216Q:D217I:H218T:T220R:I221S:V222S:E223R:V224S:I225L:K226R:A227P:V228*:D229T:L230W:E231K:T232R:Y233T:R234A,129.67,1,3831.145009,0,TRUE,105,0
N121I:E193D,29.45,1,941.9973814,0,FALSE,2,0
I136F:G159S:E193D,25.28,1,550.7065612,0,FALSE,3,0
K45R:K47N:F83L:K109I,65.33,1,3266.177951,0,FALSE,4,0
Y48S:F71Y:D103N:K111I:V123A:G134S,37.75,1,2471.491448,0,FALSE,6,0
E11*:K209N,250.47,1,3154.517364,0,FALSE,2,0
F73S:I97T,25.08,1,57,0,FALSE,2,0
I97T:R122C:Y165H:I221T,29.83,1,57,0,FALSE,4,0
E11G:M27V:A74D:R122H,25.79,1,2886.286689,0,FALSE,4,0
T61A:Y92H:K209I,49.5,1,57.00456124,0,FALSE,3,0
M27T:W59C:Y233N,29.02,1,2618.120276,0,FALSE,3,0
E5G:I44F,76.07,1,75.68145626,0,FALSE,2,0
A39V:K47M,36.87,1,57,0,FALSE,2,0
E13V:K75N:Y76T:R78A:H79T:I80L:A81R:D82T:F83S:F84S:K85S:S86P:T87P:Q88N:D90M:G91A:Y92T:S93V:Q94R:D95T:R96A:I97S:I98S:S99R:F100S:D101T:N102M:D103T:G104A:Q105S:Y106T:D107T:V108*:A110P:V112*:T113R:Y114M:E115R:N116T:G117V:T118H:L119Y:Y120T:N121T:R122A:V123L:T124P:V125*:K126R:G127A:T128L:G129V:F130S:K131S:S132Q:N133T:G134A:N135T:I136S:L137W:M139C:R140A:V141F:L142C:Y143T:H144T:S145R:P146H:H148T:A149R:V150S:Y151I:I152S:L153C:P154L:D155T:R156A:K157R:N158M:G159V:G160A:L161*:K162R:I163L:E164S:Y165K:N166T:K167R:A168P:F169L:D170T:V171Y:L172W:G173A:G174V:G175V:H176T:Q177R:M178W:A179P:R180V:H181T:A182P:Q183S:F184S:N185T:K186S:G189A:A190H:W191G:E192R:E193K:D194I:Y195T:P197L:Y198T:H199T:H200T:L201*:T202Q:V203C:W204G:T205L:S206A:F207S:G208A:D210T:D212M:D213T:D214T:E215R:T216Q:D217I:H218T:T220R:I221S:V222S:E223R:V224S:I225L:K226R:A227P:V228*:D229T:L230W:E231K:T232R:Y233T:R234A,100.01,1,428.7616904,0,TRUE,149,0
Q88H:N121D:G189S,26.48,1,2339.879633,0,FALSE,3,0
I62T:N166D:K167R:L230M,38.45,1,57,0,FALSE,4,0
T40A:K75N:Y76T:R78A:H79T:I80L:A81R:D82T:F83S:F84S:K85S:S86P:T87P:Q88N:D90M:G91A:Y92T:S93V:Q94R:D95T:R96A:I97S:I98S:S99R:F100S:D101T:N102M:D103T:G104A:Q105S:Y106T:D107T:V108*:A110P:V112*:T113R:Y114M:E115R:N116T:G117V:T118H:L119Y:Y120T:N121T:R122A:V123L:T124P:V125*:K126R:G127A:T128L:G129V:F130S:K131S:S132Q:N133T:G134A:N135T:I136S:L137W:M139C:R140A:V141F:L142C:Y143T:H144T:S145R:P146H:H148T:A149Q:V150S:Y151I:I152S:L153C:P154L:D155T:R156A:K157R:N158M:G159V:G160A:L161*:K162R:I163L:E164S:Y165I:N166T:K167R:A168P:F169L:D170T:V171Y:L172W:G173A:G174A:G175V:H176T:Q177R:M178W:A179P:R180V:H181T:A182P:Q183S:F184S:N185T:K186S:G189A:A190H:W191G:E192R:E193K:D194I:Y195T:P197L:Y198T:H199T:H200T:L201*:T202Q:V203C:W204G:T205L:S206A:F207S:G208A:D210T:D212M:D213T:D214T:E215R:T216Q:D217I:H218T:T220R:I221S:V222S:E223R:V224S:I225L:K226R:A227P:V228*:D229T:L230W:E231K:T232R:Y233T:R234A,49.59,1,57.0003376,0,TRUE,149,0
A60T:V125E:Q177L,34.67,1,57.00417238,0,FALSE,3,0
T36A:I49V:Q94H:D103G:G104C:G127D:L161I,53.06,1,57,0,FALSE,7,0
A46T:C50Y,32.89,1,57,0,FALSE,2,0
A39T:F84L:G91V:T113A:N158S,55.8,1,2794.670126,0,FALSE,5,0
T52S:P58S:D107G:F169L:N185S,43.42,1,57,0,FALSE,5,0
E5D:D38Y:Y68*:D95G:T124P:V125*:K126R:G127A:T128L:G129V:F130S:K131S:S132Q:N133T:G134A:N135T:I136S:L137W:M139C:R140A:V141F:L142C:Y143T:H144T:S145R:P146H:H148T:A149Q:V150S:Y151I:I152S:L153C:P154L:D155T:R156A:K157R:N158M:G159V:G160A:L161*:K162R:I163L:E164S:Y165I:N166T:K167R:A168P:F169L:D170T:V171Y:L172W:G173A:G174A:G175V:H176T:Q177R:M178W:A179P:R180V:H181T:A182P:Q183S:F184S:N185T:K186S:G189A:A190H:W191G:E192R:E193K:D194I:Y195T:P197L:Y198T:H199T:H200T:L201*:T202Q:V203C:W204G:T205L:S206A:F207S:G208A:D210T:D212M:D213T:D214T:E215R:T216Q:D217I:H218T:T220R:I221S:V222S:E223R:V224S:I225L:K226R:A227P:V228*:D229T:L230W:E231K:T232R:Y233T:R234A,69.87,1,3440.742394,0,TRUE,107,0
K85N:D103N:Y151H:V171L,34.39,1,57,0,FALSE,4,0
K109N:N116H:W204R:F207Y,45.6,1,57,0,FALSE,4,0
S64T:S86P:I97T:V224A:A227T,44.34,1,57,0,FALSE,5,0
E25G:D82E:K131G,45.12,1,57,0,FALSE,3,0
E13G:F84S:L172P:Y233*,36.23,1,57,0,FALSE,4,0
G37D:N102Y:K157E,28.19,1,57,0,FALSE,3,0
K47T:R140L:L153M:V171E:R180S,57.47,1,57,0,FALSE,5,0
G35S:G37S:N102Y,31.29,1,57,0,FALSE,3,0
V112E:N121K:K131*:D170V,42.89,1,57,0,FALSE,4,0
K167N:F169C,76.38,1,57.00268482,0,FALSE,2,0
K12N:I44N:A60V:V141D,34.03,1,57,0,FALSE,4,0
R96H:N185K,35.32,1,57,0,FALSE,2,0
K12I:P56R:W59R:S67*:N116D:G117D:N166I:Q183R:F184S:N185T:K186S:G189A:A190H:W191G:E192R:E193K:D194I:Y195T:P197L:Y198T:H199T:H200T:L201*:T202Q:V203C:W204G:T205L:S206A:F207S:G208A:D210T:D212M:D213T:D214T:E215R:T216Q:D217T:H218T:T220R:I221S:V222S:E223R:V224S:I225L:K226R:A227P:V228*:D229T:L230W:E231K:T232R:Y233T:R234A,149.7,1,137.6385764,0,TRUE,53,0
N133D:E164V:D217N,492.32,1,4258.791585,0,FALSE,3,0
E13V:K157N:R180S,408.77,1,3451.20249,0,FALSE,3,0
*235G,616.08,1,4517.129273,0,FALSE,1,0
K28R:D90V,829.77,1,4478.941134,0,FALSE,2,0
E192G:I225V,186.53,1,3692.944866,0,FALSE,2,0
S64T:K131R,583.71,1,759.6917028,0,FALSE,2,0
I62T:K186M,43.93,1,3561.415405,0,FALSE,2,0
H218Q,300.75,1,4157.347966,0,FALSE,1,0
Y120N:N133D,916.95,1,4320.772952,0,FALSE,2,0
I62T,393.23,1,4102.420531,0,FALSE,1,0
G174S,923.63,1,4171.456318,0,FALSE,1,0
I97V:L119Q,41.47,1,3855.820797,0,FALSE,2,0
T41S:F73Y,537.63,1,4091.675196,0,FALSE,2,0
E5G:K28E:D217A,106.74,1,3580.191244,0,FALSE,3,0
I97V:K162T:H200N,117.27,1,3810.801939,0,FALSE,3,0
G117D:F184L:W204R,214.99,1,3459.54092,0,FALSE,3,0
D210V,430.2,1,4007.089513,0,FALSE,1,0
T113S:D210G,200.37,1,3844.670209,0,FALSE,2,0
K109I:T202A,191.29,1,1806.846821,0,FALSE,2,0
F10L:K47R:K162R,208.77,1,2600.198181,0,FALSE,3,0
K126R:V171I,381.13,1,4392.076414,0,FALSE,2,0
P147L:F207I,129.11,1,1086.75752,0,FALSE,2,0
R156S,859.07,1,4471.694746,0,FALSE,1,0
A60P:L230S,587.31,1,1752.149434,0,FALSE,2,0
E19K:Y143H,891.58,1,4485.171998,0,FALSE,2,0
V108A:T202I,355.14,1,1561.70629,0,FALSE,2,0
K85T:L161I,371.56,1,4273.338414,0,FALSE,2,0
G117S:S132A,718.97,1,4481.113864,0,FALSE,2,0
L230F,312.4,1,3575.427041,0,FALSE,1,0
N102K:V125M,596.12,1,4314.887265,0,FALSE,2,0
K28E:P56H:E215V,73.15,1,3444.000889,0,FALSE,3,0
D101V:K157E,420.31,1,4179.739573,0,FALSE,2,0
D107N:A190V,749.72,1,4486.109071,0,FALSE,2,0
V108A:S145A:K186R:E193D,224.02,1,2828.188606,0,FALSE,4,0
L219I,735.16,1,4119.75824,0,FALSE,1,0
K111E:S132P:A190V,403.66,1,4432.2661,0,FALSE,3,0
S206G:T216I,939.73,1,3993.33552,0,FALSE,2,0
G6C:Y16C,828.76,1,4114.60937,0,FALSE,2,0
S65C,647.71,1,4128.647525,0,FALSE,1,0
E193G:I225S,367.92,1,1768.951124,0,FALSE,2,0
K45E:K226N,349.64,1,3738.580941,0,FALSE,2,0
D38V:S86C:R234S,500.45,1,4018.560261,0,FALSE,3,0
D101G:K131R,734.77,1,3000.071778,0,FALSE,2,0
R78L,217.5,1,4403.089252,0,FALSE,1,0
T41K:T113A:Y143N,195.83,1,4077.924436,0,FALSE,3,0
I62M:D155N,1352.78,1,4302.033871,0,FALSE,2,0
D38N:N158T,897.19,1,4295.014909,0,FALSE,2,0
L66M:D107E,170.07,1,4610.970165,0,FALSE,2,0
K28R:A168T:W204R,104.95,1,3580.716364,0,FALSE,3,0
V141I:A168T:M178L,348.54,1,4703.038596,0,FALSE,3,0
E13K:F100Y,465.66,1,4252.895847,0,FALSE,2,0
D54G:Y92H:S99T,145.32,1,618.1834446,0,FALSE,3,0
K28E:P154T,283.43,1,3290.101477,0,FALSE,2,0
E11V:T41K,93.82,1,4334.193132,0,FALSE,2,0
T2I:T113A:N158D,285.4,1,4293.51323,0,FALSE,3,0
F10L:K45R:D214N,166.65,1,4309.15438,0,FALSE,3,0
K186Q,156.81,1,4288.39158,0,FALSE,1,0
Y92F:N102Y,390.94,1,3688.737874,0,FALSE,2,0
T40S:V70A,250.54,1,3625.204538,0,FALSE,2,0
I44L:Q105L,68.47,1,3983.655284,0,FALSE,2,0
I97T:N102S:N116S,743.04,1,4424.590574,0,FALSE,3,0
G26S:T113A:A179V:G208S,61.24,1,2398.99078,0,FALSE,4,0
A39D,34.42,1,3069.80247,0,FALSE,1,0
Q105K:P211S,265.74,1,4554.234386,0,FALSE,2,0
E21G:T40S:N133Y:K167M,507.52,1,4498.647455,0,FALSE,4,0
Q88H:V150L,988.03,1,4022.747394,0,FALSE,2,0
E21G:E231V,351.96,1,4157.641574,0,FALSE,2,0
K109N:R156H:P197S:D212N,395.34,1,4124.315057,0,FALSE,4,0
A74G:A149V:F184S:T232M:R234C,110.85,1,3553.488462,0,FALSE,5,0
T41A:A60V:S99T,401.43,1,3559.937482,0,FALSE,3,0
A39T:E192D,592.32,1,4292.484527,0,FALSE,2,0
S99T:Y114N,235.76,1,4193.271622,0,FALSE,2,0
G53S:T124I:S132T,119.86,1,3120.309448,0,FALSE,3,0
I17T:P154S:A168V,1034.02,1,4224.996037,0,FALSE,3,0
Y16C:M178L:R234H,256.81,1,4050.599405,0,FALSE,3,0
Y143H:R234S,248.88,1,4430.92372,0,FALSE,2,0
Y16F:G174S:T232A,116.25,1,2818.465674,0,FALSE,3,0
M27T:F184I,459.53,1,4391.057837,0,FALSE,2,0
K45E:G134S,52.82,1,3938.203067,0,FALSE,2,0
T18S:D54G:L63V:T216S,556.63,1,4271.479603,0,FALSE,4,0
T43A:Q105E,766.71,1,4191.188203,0,FALSE,2,0
L161I:G208C,1299.23,1,4282.245519,0,FALSE,2,0
K131T:Y198N,338.42,1,2909.749587,0,FALSE,2,0
G175S:E231G,1330.88,1,4347.110395,0,FALSE,2,0
I49V:K162M,348.51,1,4474.773277,0,FALSE,2,0
E5G:L66M,36.93,1,4922.118671,0,FALSE,2,0
K111R:M139I:G175C,83.34,1,2224.052646,0,FALSE,3,0
Y143F:A168T:R180S:S206C:D214N,145.57,1,3724.234173,0,FALSE,5,0
N133Y:M178V,1325.65,1,4097.435919,0,FALSE,2,0
Y92H:T128S,188.78,1,1074.370247,0,FALSE,2,0
Q105R:D229E,334.44,1,4030.687894,0,FALSE,2,0
K111R:G189V,439.59,1,4103.202739,0,FALSE,2,0
T52S:S86T:R156S:F169Y,141.86,1,3975.207992,0,FALSE,4,0
E19G:I44V,171.16,1,2974.223517,0,FALSE,2,0
E19K:K45E,231.58,1,3946.019355,0,FALSE,2,0
E21V:T41M:D101V:V141I:L142M,63.39,1,3877.199294,0,FALSE,5,0
I152T:D214V,27.37,1,3836.605687,0,FALSE,2,0
F169I,320.65,1,3760.325969,0,FALSE,1,0
F10Y:T87S:N166S:T205S,430.97,1,3935.270446,0,FALSE,4,0
L9P:M139K:K162T:T216S,293.48,1,4500.730784,0,FALSE,4,0
K8N:I14V:V57M:E192G,33.51,1,3362.392491,0,FALSE,4,0
S99L:R180H,92.67,1,3504.618793,0,FALSE,2,0
E11G:E21V,912.33,1,4402.001031,0,FALSE,2,0
I49V:C50S:S86T:N102Y,37.41,1,3804.127372,0,FALSE,4,0
I49T:M139R,761.13,1,4310.085619,0,FALSE,2,0
I14V:T52I:A74V:K75N:Y76T:R78A:H79T:I80L:A81R:D82T:F83S:F84S:K85S:S86P:T87P:Q88N:D90M:G91A:Y92T:S93V:Q94R:D95T:R96A:I97S:I98S:S99R:F100S:D101I:N102M:D103T:G104A:Q105S:Y106T:D107T:V108*:A110P:V112*:T113R:Y114M:E115R:N116T:G117V:T118H:L119Y:Y120T:N121T:R122A:V123L:T124P:V125*:K126R:G127A:T128L:G129V:F130S:K131S:S132Q:N133T:G134A:N135T:I136S:L137W:M139C:R140A:V141F:L142C:Y143T:H144T:S145R:P146H:H148T:A149Q:V150S:Y151I:I152S:L153C:P154L:D155T:R156A:K157R:N158M:G159V:G160A:L161*:K162R:I163L:E164S:Y165I:N166T:K167R:A168P:F169L:D170T:V171Y:L172W:G173A:G174A:G175V:H176T:Q177R:M178W:A179P:R180V:H181T:A182P:Q183S:F184S:N185T:K186S:G189A:A190H:W191G:E192R:E193K:D194I:Y195T:P197L:Y198T:H199T:H200T:L201*:T202Q:V203C:W204G:T205L:S206A:F207S:G208A:D210T:D212M:D213T:D214T:E215R:T216Q:D217I:H218T:T220R:I221S:V222S:E223R:V224S:I225L:K226R:A227P:V228*:D229T:L230W:E231K:T232R:Y233T:R234A,81.57,1,4016.202853,0,TRUE,151,0
I30N:V125M:L142M,390.23,1,4331.802137,0,FALSE,3,0
H176N:K209N,228.79,1,3957.134702,0,FALSE,2,0
I49N:Q105L,127.79,1,4078.802815,0,FALSE,2,0
I97V:F207I,572.36,1,4140.575809,0,FALSE,2,0
L9M:K126M:K131R:K157M:D229G,28.3,1,3975.090242,0,FALSE,5,0
E19V:H79R,622.61,1,4278.529763,0,FALSE,2,0
T2A:L137Q,455.9,1,3784.107056,0,FALSE,2,0
Y120C:R234S,251.67,1,4142.27113,0,FALSE,2,0
F10L:T36I:I44V,172.88,1,3623.441996,0,FALSE,3,0
M139I:P211S,34.59,1,3979.731767,0,FALSE,2,0
N116D:V123I,215.39,1,3684.465734,0,FALSE,2,0
I30V:F73I:A81V,133.17,1,2219.487031,0,FALSE,3,0
N116D:K126N:M178V:Y233F,360.43,1,4070.515883,0,FALSE,4,0
A7V:M139T,277.92,1,3969.914426,0,FALSE,2,0
D101A:G129D,180.88,1,4081.853632,0,FALSE,2,0
E11V:K209Q,454.23,1,4270.585342,0,FALSE,2,0
S86T:K226N,683.54,1,4048.808251,0,FALSE,2,0
F207Y:T216I,65.09,1,271.9124147,0,FALSE,2,0
S93G:T128S,188.8,1,4399.813194,0,FALSE,2,0
S67T:M139L,625.97,1,3508.438502,0,FALSE,2,0
K28E:H148N,113.66,1,3602.439535,0,FALSE,2,0
N116Y:Q177L,1334.43,1,4239.829703,0,FALSE,2,0
I49F:D107V,536.83,1,4130.192087,0,FALSE,2,0
D90E:K167M:H218R,1124.3,1,4590.830043,0,FALSE,3,0
E5G:T18A,320.1,1,5027.685348,0,FALSE,2,0
I44V:A179T:K186M:T220M,99.72,1,379.4258384,0,FALSE,4,0
K8M:T51A:S67T:V228I,149.6,1,2729.337116,0,FALSE,4,0
I30V:T128S:G174S:D194Y,204.86,1,3551.916626,0,FALSE,4,0
Q105R:T220K,82.65,1,4490.180027,0,FALSE,2,0
S93N:L161I,470.93,1,4149.372192,0,FALSE,2,0
F100Y,683.72,1,4334.75877,0,FALSE,1,0
D54H:D90G,395.9,1,4405.91644,0,FALSE,2,0
L55M:T87A,488.32,1,4490.15839,0,FALSE,2,0
E25G:A39T,84.35,1,3295.658941,0,FALSE,2,0
S206R:D210E,2117.95,1,4186.308137,0,FALSE,2,0
S93C:E193G,346.85,1,4477.535375,0,FALSE,2,0
F83Y:K226R,494.54,1,4294.093132,0,FALSE,2,0
I136V:N166K,32.06,1,1936.207135,0,FALSE,2,0
Y16F:Y114C,886.28,1,4029.266808,0,FALSE,2,0
S93G:G175A:K209I,101.83,1,2117.630759,0,FALSE,3,0
P15L:T220M,101.9,1,4413.467854,0,FALSE,2,0
K131M:N185S,213.78,1,3749.926026,0,FALSE,2,0
T36I:L153M,500.06,1,4190.610316,0,FALSE,2,0
H176R:D217E,485.6,1,4010.5469,0,FALSE,2,0
E21G:D95G,78.54,1,1873.723758,0,FALSE,2,0
K126E:K186E,491.03,1,4124.061553,0,FALSE,2,0
H79R:D194Y,50.96,1,3694.745723,0,FALSE,2,0
V24I:P89S,133.46,1,4036.356367,0,FALSE,2,0
T41M:F207L,162.54,1,4284.441365,0,FALSE,2,0
F10L:I31V,231.05,1,4309.094217,0,FALSE,2,0
K45N:T232M,341.54,1,4110.670948,0,FALSE,2,0
V34A:L172Q,1524.57,1,4511.391293,0,FALSE,2,0
M27V:H176R,315.19,1,3794.953835,0,FALSE,2,0
D90E:E215K,355.1,1,4381.99157,0,FALSE,2,0
Y165C:A182T:K186R,896.61,1,1575.243279,0,FALSE,3,0
L153M:T202I,562.1,1,941.4163158,0,FALSE,2,0
I44V:F184L,269.58,1,3894.846785,0,FALSE,2,0
A81V:S99T:G173C,536.88,1,4268.046671,0,FALSE,3,0
M27K:K75N,1176.36,1,4332.411533,0,FALSE,2,0
E5K,944.84,1,4522.740437,0,FALSE,1,0
I17F,361.19,1,4470.860332,0,FALSE,1,0
E115D:I221T,267.55,1,2200.161623,0,FALSE,2,0
V222F,154.92,1,4332.338047,0,FALSE,1,0
R78C:P197S,36.5,1,4174.025114,0,FALSE,2,0
T41S:D214E,558.91,1,4459.419829,0,FALSE,2,0
E13K:M139T:Y143H,363.3,1,4220.576439,0,FALSE,3,0
T43I:T118A,451.38,1,4313.943601,0,FALSE,2,0
L3P:T118I,149.57,1,4467.56793,0,FALSE,2,0
K8R:I44V,230.32,1,4005.411439,0,FALSE,2,0
L9P:I14T:T51A,284.88,1,4168.025406,0,FALSE,3,0
L9M:R78C,244.22,1,4599.634346,0,FALSE,2,0
S64T:G117S,125.55,1,664.170553,0,FALSE,2,0
K131R:L172P,354.88,1,4445.144112,0,FALSE,2,0
R122L:D213A,44.99,1,2779.502086,0,FALSE,2,0
T36A:D212G,393.46,1,4462.987021,0,FALSE,2,0
D23Y,1518.27,1,4388.402517,0,FALSE,1,0
P58S:T128A,163.56,1,3477.857028,0,FALSE,2,0
H144D:S206N,806.04,1,4387.976185,0,FALSE,2,0
R78H:H79Y:M139I,84.37,1,3617.923087,0,FALSE,3,0
E21G:I97V:K209N,80.18,1,3841.679447,0,FALSE,3,0
K12E:S99T,632.52,1,4532.27575,0,FALSE,2,0
G53D:L153W,407.34,1,1144.674009,0,FALSE,2,0
G53D:S93N,227.04,1,2928.585093,0,FALSE,2,0
L188I:*235W,385.57,1,4400.06553,0,FALSE,2,0
N102D:L219I,76.09,1,4159.683534,0,FALSE,2,0
T51A:H144R:A179V,66.34,1,1304.859034,0,FALSE,3,0
K32R,179.82,1,4371.251896,0,FALSE,1,0
A74T:Y151N,78.64,1,1758.549347,0,FALSE,2,0
K109E:G174D:P197S:F207I,35.37,1,2478.138081,0,FALSE,4,0
T18S:G117D,464.23,1,4540.144913,0,FALSE,2,0
S145P:A168V,641.38,1,803.7021595,0,FALSE,2,0
K157E:W191R,130.87,1,3901.450512,0,FALSE,2,0
I14F:R78H,547.47,1,3963.80555,0,FALSE,2,0
F73L:R96C,1036.84,1,57.00771349,0,FALSE,2,0
S67L:L230V,1189.82,1,57.01833304,0,FALSE,2,0
D170G:E223V,1073.17,1,57.00929608,0,FALSE,2,0
Y198C:V222A,1765.25,1,88.90749189,0,FALSE,2,0
L20M:Y120N:I136V:K167E,1066.33,1,57.01189774,0,FALSE,4,0
E13V:E25Q:R96H:H148Y:D170G:V228I,1070.51,1,57.01124171,0,FALSE,6,0
H144D:N158K:A168T:Q183H:N185I:E231D,1055.17,1,57.00962166,0,FALSE,6,0
K167E:V203L,1052.61,1,57.008898,0,FALSE,2,0
E11K:L63Q:Q94L:Y143H,1063.28,1,57.00957936,0,FALSE,4,0
S64T:D95N:Y106H,1055.98,1,57.00716194,0,FALSE,3,0
I14F:R96C,1088.41,1,57.16266544,0,FALSE,2,0
Y68C:F100L,1011.3,1,57.0599875,0,FALSE,2,0
E11G:V108E,1090.14,1,57.00712717,0,FALSE,2,0
T51I:R96H,1271.68,1,57.02450051,0,FALSE,2,0
A81E:Y106C:T202S,1125.27,1,57.09756147,0,FALSE,3,0
Y68H:K75N,1206,1,57.0051629,0,FALSE,2,0
D103G:Y198N,1182.51,1,57.00824422,0,FALSE,2,0
M139I:V141A:L153M:A179V,1132.38,1,57.09537115,0,FALSE,4,0
S67A:I136F,1147.99,1,57.00982713,0,FALSE,2,0
K186R:V203G,1337.12,1,57.04746261,0,FALSE,2,0
K8R:R180C:N185I,1254.54,1,57.01001865,0,FALSE,3,0
S64P:D194E,1204.86,1,57.00945827,0,FALSE,2,0
T18S:R96L,1241.97,1,57.01074701,0,FALSE,2,0
Y68H:T87A,1248.02,1,57.0097326,0,FALSE,2,0
K32M:D54N:H79N:R96C,1263.18,1,57.01256057,0,FALSE,4,0
A39T:H79Y:R96H:E215D,1285.8,1,57.07605536,0,FALSE,4,0
P146Q:H181Y:T202S,1301.29,1,57.0106205,0,FALSE,3,0
F10Y:V34G:Y68C,1312.35,1,57.00880596,0,FALSE,3,0
I97T:H200R,1335.13,1,57.01407516,0,FALSE,2,0
F71L:K75E:L137P:Y165C,1322.21,1,57.1252975,0,FALSE,4,0
A60T:V70A,1367.95,1,57.01337519,0,FALSE,2,0
F84V:Q88L:R96S:I225V,1356.94,1,57.00869664,0,FALSE,4,0
T51P:F71S:R96C,1429.84,1,57.0069043,0,FALSE,3,0
T40A:V70A:Q177H,1434.38,1,57.75775306,0,FALSE,3,0
V70M:L153M:K226E,1484.46,1,57.00618006,0,FALSE,3,0
S64P:T128I,1425.22,1,57.00667431,0,FALSE,2,0
S145T:H200Y:D212G,1513.56,1,57.04485374,0,FALSE,3,0
I49N:Q94H,1534.58,1,57.00709939,0,FALSE,2,0
D54V:K167E:Y198H,1549.79,1,57.00870776,0,FALSE,3,0
M27T:D54N:Y151D:L172P,1594.15,1,57.02386453,0,FALSE,4,0
K75E:R96C:T124N:M178V,1619.66,1,57.01306249,0,FALSE,4,0
F71L:D101V:L230S,1593.93,1,57.01008524,0,FALSE,3,0
C50S:R96L,1612.35,1,57.01087181,0,FALSE,2,0
L63Q:L153M:V222A,3482.5,1,119.0543547,0,FALSE,3,0
I136N:K167E:A190V,1749.25,1,57.10066166,0,FALSE,3,0
T41S:Y68N,1759.91,1,57.09810167,0,FALSE,2,0
A110D:R122H:N185I,1800.72,1,57.01079748,0,FALSE,3,0
R96C:E192D,1780.66,1,57.00850576,0,FALSE,2,0
K28M:R96C,1806.15,1,57.0112733,0,FALSE,2,0
T61I:S64P,1847.47,1,57.04545894,0,FALSE,2,0
K28R:K45R:L230*,1845.38,1,57.14261905,0,FALSE,3,0
Y68F:Y198N,1953.72,1,57.05410675,0,FALSE,2,0
N121H:E223G,3631.88,1,103.716929,0,FALSE,2,0
R96C:L161I,2019.53,1,57.01164836,0,FALSE,2,0
A46T:D95E:R96P,2164.23,1,57.00641146,0,FALSE,3,0
A149T:K167R,2132.43,1,57.06401178,0,FALSE,2,0
F71L:H176R:H200Y,2196.97,1,57.0108949,0,FALSE,3,0
R96H:L230M,2333.9,1,57.01087059,0,FALSE,2,0
K32M:Y68H,2246.24,1,57.01031095,0,FALSE,2,0
S132P:K167R,2455.8,1,57.009709,0,FALSE,2,0
R96C:P147S:E193K,2438.75,1,57.01134094,0,FALSE,3,0
L66M:K167E,2855.32,1,57.01652946,0,FALSE,2,0
Y106C:K126N,3365.06,1,57.00990035,0,FALSE,2,0
R78C:R96C:H200L:T232M:Y233F,3441.05,1,57.01130207,0,FALSE,5,0
L119Q:T124N,61.14,1,3561.509956,0,FALSE,2,0
R78P,1748.05,2,4508.249459,4.17,FALSE,1,0.000924971
K45T:R180H,322.24,1,3754.763186,0,FALSE,2,0
E21G:K28E:N102H,488.03,1,3536.981768,0,FALSE,3,0
T41S:V150I:Y151C,764.16,1,1972.669238,0,FALSE,3,0
Q105R:I136N,195.91,1,723.6647263,0,FALSE,2,0
L3I:F71L:S99L:T128S,256.69,1,2179.345549,0,FALSE,4,0
D38N:L153M:E193D,448.85,1,4194.335017,0,FALSE,3,0
K12N:I31M,200.32,1,3317.203231,0,FALSE,2,0
M27T:T51I,442.56,1,4407.113735,0,FALSE,2,0
I30V:L63V:K186R,367.11,1,4255.411408,0,FALSE,3,0
V34A:K109T,1058.24,1,4329.118718,0,FALSE,2,0
T124S:P146L,382.08,1,3736.812421,0,FALSE,2,0
I31V:D107V:A110G,633.05,1,4328.825009,0,FALSE,3,0
V34D:S67T:F100Y,159.01,1,2838.59762,0,FALSE,3,0
V171L,232.48,1,4443.974126,0,FALSE,1,0
A39S:T43A:P211A:D212G,220.25,1,3528.696414,0,FALSE,4,0
S64T:N133Y:I152V,1059.3,1,959.3813636,0,FALSE,3,0
Y198C:E231D,299.65,1,991.7626895,0,FALSE,2,0
D95V:T124I,367.97,1,4366.751701,0,FALSE,2,0
N158D,1036.79,1,4370.49664,0,FALSE,1,0
I30T:N121K,881.78,1,1764.023568,0,FALSE,2,0
P147S:G174S,176.59,1,2338.898606,0,FALSE,2,0
L9M:E25A:K32E:P211H,611.16,1,4207.266942,0,FALSE,4,0
D23Y:K157T,93.39,1,4447.065818,0,FALSE,2,0
E5V:K45M:G208C,276.61,1,4170.273059,0,FALSE,3,0
S99T:Y151F,354.95,1,3661.253286,0,FALSE,2,0
T51A:N102D,248.92,1,4366.908154,0,FALSE,2,0
P77T:F207L,341.64,1,3903.713162,0,FALSE,2,0
A60V:D214N,55.6,1,4085.73007,0,FALSE,2,0
E11D:Y114C,170.66,1,4467.43387,0,FALSE,2,0
I30T:D214E,310.58,1,4828.610935,0,FALSE,2,0
D38V:L230M,126.6,1,3449.214766,0,FALSE,2,0
K109R:K157Q,520.86,1,4594.403173,0,FALSE,2,0
Y106F:G138R,968.02,1,4000.855744,0,FALSE,2,0
Y198F,438.69,1,4313.854755,0,FALSE,1,0
P146L:G208S,157.36,1,3661.482463,0,FALSE,2,0
P154T:A168V,284.8,1,4519.398792,0,FALSE,2,0
D54V:D101V,379.17,1,4101.391661,0,FALSE,2,0
K45R:T51I:N135I,795.85,1,4178.933462,0,FALSE,3,0
L161V:A168V,172.72,1,4920.857709,0,FALSE,2,0
E11A,452.57,1,4453.129132,0,FALSE,1,0
F184L:D213V,1017.6,1,4169.105637,0,FALSE,2,0
E21G:K131E,78.78,1,4072.400517,0,FALSE,2,0
M27L:Y92H,475.87,1,1819.448962,0,FALSE,2,0
K75I:M178T:P197L:Y198T:H199T:H200T:L201*:T202Q:V203C:W204G:T205L:S206A:F207S:G208A:D210T:D212M:D213T:D214T:E215R:T216Q:D217I:H218T:T220R:I221S:V222S:E223R:V224S:I225L:K226R:A227P:V228*:D229T:L230W:E231K:T232R:Y233T:R234A,27.95,1,5065.567982,0,TRUE,37,0
Y114C:R180H,514.45,1,4047.361972,0,FALSE,2,0
K111E:E192D:E193D,927.79,1,4228.263163,0,FALSE,3,0
G26D:F207S,220.41,1,3709.818957,0,FALSE,2,0
L9P:T40A,1101.79,1,4503.542317,0,FALSE,2,0
I14N:K109E:F169L,61.97,1,2253.159991,0,FALSE,3,0
H218L,50.46,1,2626.261088,0,FALSE,1,0
D90G:V123A,647.76,1,4487.770035,0,FALSE,2,0
T40S:E164A:A182T,452.63,1,4150.882325,0,FALSE,3,0
D90E:A227V,538.24,1,4006.66894,0,FALSE,2,0
L137M:N166I,402.16,1,4354.636404,0,FALSE,2,0
K12N:N135D,507.32,1,4405.855379,0,FALSE,2,0
E19V:G173S,750.22,1,4237.65771,0,FALSE,2,0
Y151C:G208C,1130.11,1,1777.75236,0,FALSE,2,0
T43I:G53V,63.7,1,2539.889561,0,FALSE,2,0
I97V:S206N,751.58,1,4484.163831,0,FALSE,2,0
K8E:A81T,332.77,1,4319.460491,0,FALSE,2,0
P15T:T113A:Y114C,74.91,1,3647.661573,0,FALSE,3,0
F71Y:D170G,134.75,1,4315.202817,0,FALSE,2,0
L137Q:R156C,227.76,1,3443.312167,0,FALSE,2,0
S99L:Y114H,311.44,1,4239.516242,0,FALSE,2,0
